-0.015433
0.014493
0.003646
-0.003424
0.022917
-0.021521
-0.017346
0.016289
-0.025623
0.024062
0.039159
-0.036773
0.053393
-0.050139
0.017006
-0.01597
0.052096
-0.048921
-0.012308
0.011558
-0.077358
0.072644
0.058551
-0.054983
0.086492
-0.081222
-0.132185
0.12413
-0.18023
0.169247
-0.057405
0.053907
0.122949
-0.115457
-0.029048
0.027278
-0.182571
0.171445
0.138185
-0.129764
0.204127
-0.191688
-0.311965
0.292955
-0.425354
0.399434
-0.135479
0.127223
0.041045
-0.038543
-0.009697
0.009106
-0.060948
0.057234
0.046131
-0.043319
0.068144
-0.063992
-0.104144
0.097798
-0.141997
0.133344
-0.045227
0.042471
