0.25
0
0.25
0
0.25
0
0.25
0
0.25
0
0.25
0
0.25
0
0.25
0
0.25
0
0.25
0
0.25
0
0.25
0
0.25
0
0.25
0
0.25
0
0.25
0
0.25
0
0.25
0
0.25
0
0.25
0
0.25
0
0.25
0
0.25
0
0.25
0
0
0.25
0
0.25
0
0.25
0
0.25
0
0.25
0
0.25
0
0.25
0
0.25
0.25
0
0.25
0
0.25
0
0.25
0
0.25
0
0.25
0
0.25
0
0.25
0
-0.25
0
-0.25
0
-0.25
0
-0.25
0
-0.25
0
-0.25
0
-0.25
0
-0.25
0
0.25
0
0.25
0
0.25
0
0.25
0
0.25
0
0.25
0
0.25
0
0.25
0
0
-0.25
0
-0.25
0
-0.25
0
-0.25
0
-0.25
0
-0.25
0
-0.25
0
-0.25
0.25
0
0.245196320100808
0.0487725805040321
0.230969883127822
0.0956708580912724
0.207867403075636
0.138892558254901
0.176776695296637
0.176776695296637
0.138892558254901
0.207867403075636
0.0956708580912725
0.230969883127822
0.0487725805040321
0.245196320100808
0.25
0
0.245196320100808
0.0487725805040321
0.230969883127822
0.0956708580912724
0.207867403075636
0.138892558254901
0.176776695296637
0.176776695296637
0.138892558254901
0.207867403075636
0.0956708580912725
0.230969883127822
0.0487725805040321
0.245196320100808
0.25
0
0.245196320100808
0.0487725805040321
0.230969883127822
0.0956708580912724
0.207867403075636
0.138892558254901
0.176776695296637
0.176776695296637
0.138892558254901
0.207867403075636
0.0956708580912725
0.230969883127822
0.0487725805040321
0.245196320100808
0
0.25
-0.048772580504032
0.245196320100808
-0.0956708580912724
0.230969883127822
-0.138892558254901
0.207867403075636
-0.176776695296637
0.176776695296637
-0.207867403075636
0.138892558254901
-0.230969883127822
0.0956708580912725
-0.245196320100808
0.0487725805040321
0.25
0
0.245196320100808
0.0487725805040321
0.230969883127822
0.0956708580912724
0.207867403075636
0.138892558254901
0.176776695296637
0.176776695296637
0.138892558254901
0.207867403075636
0.0956708580912725
0.230969883127822
0.0487725805040321
0.245196320100808
-0.25
0
-0.245196320100808
-0.048772580504032
-0.230969883127822
-0.0956708580912724
-0.207867403075636
-0.138892558254901
-0.176776695296637
-0.176776695296637
-0.138892558254901
-0.207867403075636
-0.0956708580912725
-0.230969883127822
-0.0487725805040321
-0.245196320100808
0.25
0
0.245196320100808
0.0487725805040321
0.230969883127822
0.0956708580912724
0.207867403075636
0.138892558254901
0.176776695296637
0.176776695296637
0.138892558254901
0.207867403075636
0.0956708580912725
0.230969883127822
0.0487725805040321
0.245196320100808
0
-0.25
0.048772580504032
-0.245196320100808
0.0956708580912724
-0.230969883127822
0.138892558254901
-0.207867403075636
0.176776695296637
-0.176776695296637
0.207867403075636
-0.138892558254901
0.230969883127822
-0.0956708580912725
0.245196320100808
-0.0487725805040321
0.25
0
0.230969883127822
0.0956708580912724
0.176776695296637
0.176776695296637
0.0956708580912725
0.230969883127822
0
0.25
-0.0956708580912724
0.230969883127822
-0.176776695296637
0.176776695296637
-0.230969883127822
0.0956708580912725
0.25
0
0.230969883127822
0.0956708580912724
0.176776695296637
0.176776695296637
0.0956708580912725
0.230969883127822
0
0.25
-0.0956708580912724
0.230969883127822
-0.176776695296637
0.176776695296637
-0.230969883127822
0.0956708580912725
0.25
0
0.230969883127822
0.0956708580912724
0.176776695296637
0.176776695296637
0.0956708580912725
0.230969883127822
0
0.25
-0.0956708580912724
0.230969883127822
-0.176776695296637
0.176776695296637
-0.230969883127822
0.0956708580912725
0
0.25
-0.0956708580912724
0.230969883127822
-0.176776695296637
0.176776695296637
-0.230969883127822
0.0956708580912725
-0.25
0
-0.230969883127822
-0.0956708580912724
-0.176776695296637
-0.176776695296637
-0.0956708580912725
-0.230969883127822
0.25
0
0.230969883127822
0.0956708580912724
0.176776695296637
0.176776695296637
0.0956708580912725
0.230969883127822
0
0.25
-0.0956708580912724
0.230969883127822
-0.176776695296637
0.176776695296637
-0.230969883127822
0.0956708580912725
-0.25
0
-0.230969883127822
-0.0956708580912724
-0.176776695296637
-0.176776695296637
-0.0956708580912725
-0.230969883127822
0
-0.25
0.0956708580912724
-0.230969883127822
0.176776695296637
-0.176776695296637
0.230969883127822
-0.0956708580912725
0.25
0
0.230969883127822
0.0956708580912724
0.176776695296637
0.176776695296637
0.0956708580912725
0.230969883127822
0
0.25
-0.0956708580912724
0.230969883127822
-0.176776695296637
0.176776695296637
-0.230969883127822
0.0956708580912725
0
-0.25
0.0956708580912724
-0.230969883127822
0.176776695296637
-0.176776695296637
0.230969883127822
-0.0956708580912725
0.25
0
0.230969883127822
0.0956708580912724
0.176776695296637
0.176776695296637
0.0956708580912725
0.230969883127822
0.25
0
0.207867403075636
0.138892558254901
0.0956708580912725
0.230969883127822
-0.048772580504032
0.245196320100808
-0.176776695296637
0.176776695296637
-0.245196320100808
0.0487725805040322
-0.230969883127822
-0.0956708580912724
-0.138892558254901
-0.207867403075636
0.25
0
0.207867403075636
0.138892558254901
0.0956708580912725
0.230969883127822
-0.048772580504032
0.245196320100808
-0.176776695296637
0.176776695296637
-0.245196320100808
0.0487725805040322
-0.230969883127822
-0.0956708580912724
-0.138892558254901
-0.207867403075636
0.25
0
0.207867403075636
0.138892558254901
0.0956708580912725
0.230969883127822
-0.048772580504032
0.245196320100808
-0.176776695296637
0.176776695296637
-0.245196320100808
0.0487725805040322
-0.230969883127822
-0.0956708580912724
-0.138892558254901
-0.207867403075636
0
0.25
-0.138892558254901
0.207867403075636
-0.230969883127822
0.0956708580912725
-0.245196320100808
-0.048772580504032
-0.176776695296637
-0.176776695296637
-0.0487725805040322
-0.245196320100808
0.0956708580912724
-0.230969883127822
0.207867403075636
-0.138892558254901
0.25
0
0.207867403075636
0.138892558254901
0.0956708580912725
0.230969883127822
-0.048772580504032
0.245196320100808
-0.176776695296637
0.176776695296637
-0.245196320100808
0.0487725805040322
-0.230969883127822
-0.0956708580912724
-0.138892558254901
-0.207867403075636
-0.25
0
-0.207867403075636
-0.138892558254901
-0.0956708580912725
-0.230969883127822
0.048772580504032
-0.245196320100808
0.176776695296637
-0.176776695296637
0.245196320100808
-0.0487725805040322
0.230969883127822
0.0956708580912724
0.138892558254901
0.207867403075636
0.25
0
0.207867403075636
0.138892558254901
0.0956708580912725
0.230969883127822
-0.048772580504032
0.245196320100808
-0.176776695296637
0.176776695296637
-0.245196320100808
0.0487725805040322
-0.230969883127822
-0.0956708580912724
-0.138892558254901
-0.207867403075636
0
-0.25
0.138892558254901
-0.207867403075636
0.230969883127822
-0.0956708580912725
0.245196320100808
0.048772580504032
0.176776695296637
0.176776695296637
0.0487725805040322
0.245196320100808
-0.0956708580912724
0.230969883127822
-0.207867403075636
0.138892558254901
0.25
0
0.176776695296637
0.176776695296637
0
0.25
-0.176776695296637
0.176776695296637
-0.25
0
-0.176776695296637
-0.176776695296637
0
-0.25
0.176776695296637
-0.176776695296637
0.25
0
0.176776695296637
0.176776695296637
0
0.25
-0.176776695296637
0.176776695296637
-0.25
0
-0.176776695296637
-0.176776695296637
0
-0.25
0.176776695296637
-0.176776695296637
0.25
0
0.176776695296637
0.176776695296637
0
0.25
-0.176776695296637
0.176776695296637
-0.25
0
-0.176776695296637
-0.176776695296637
0
-0.25
0.176776695296637
-0.176776695296637
0
0.25
-0.176776695296637
0.176776695296637
-0.25
0
-0.176776695296637
-0.176776695296637
0
-0.25
0.176776695296637
-0.176776695296637
0.25
0
0.176776695296637
0.176776695296637
0.25
0
0.176776695296637
0.176776695296637
0
0.25
-0.176776695296637
0.176776695296637
-0.25
0
-0.176776695296637
-0.176776695296637
0
-0.25
0.176776695296637
-0.176776695296637
-0.25
0
-0.176776695296637
-0.176776695296637
0
-0.25
0.176776695296637
-0.176776695296637
0.25
0
0.176776695296637
0.176776695296637
0
0.25
-0.176776695296637
0.176776695296637
0.25
0
0.176776695296637
0.176776695296637
0
0.25
-0.176776695296637
0.176776695296637
-0.25
0
-0.176776695296637
-0.176776695296637
0
-0.25
0.176776695296637
-0.176776695296637
0
-0.25
0.176776695296637
-0.176776695296637
0.25
0
0.176776695296637
0.176776695296637
0
0.25
-0.176776695296637
0.176776695296637
-0.25
0
-0.176776695296637
-0.176776695296637
0.25
0
0.138892558254901
0.207867403075636
-0.0956708580912724
0.230969883127822
-0.245196320100808
0.0487725805040322
-0.176776695296637
-0.176776695296637
0.0487725805040321
-0.245196320100808
0.230969883127822
-0.0956708580912726
0.207867403075636
0.1388925582549
0.25
0
0.138892558254901
0.207867403075636
-0.0956708580912724
0.230969883127822
-0.245196320100808
0.0487725805040322
-0.176776695296637
-0.176776695296637
0.0487725805040321
-0.245196320100808
0.230969883127822
-0.0956708580912726
0.207867403075636
0.1388925582549
0.25
0
0.138892558254901
0.207867403075636
-0.0956708580912724
0.230969883127822
-0.245196320100808
0.0487725805040322
-0.176776695296637
-0.176776695296637
0.0487725805040321
-0.245196320100808
0.230969883127822
-0.0956708580912726
0.207867403075636
0.1388925582549
0
0.25
-0.207867403075636
0.138892558254901
-0.230969883127822
-0.0956708580912724
-0.0487725805040322
-0.245196320100808
0.176776695296637
-0.176776695296637
0.245196320100808
0.0487725805040321
0.0956708580912726
0.230969883127822
-0.1388925582549
0.207867403075636
0.25
0
0.138892558254901
0.207867403075636
-0.0956708580912724
0.230969883127822
-0.245196320100808
0.0487725805040322
-0.176776695296637
-0.176776695296637
0.0487725805040321
-0.245196320100808
0.230969883127822
-0.0956708580912726
0.207867403075636
0.1388925582549
-0.25
0
-0.138892558254901
-0.207867403075636
0.0956708580912724
-0.230969883127822
0.245196320100808
-0.0487725805040322
0.176776695296637
0.176776695296637
-0.048772580504032
0.245196320100808
-0.230969883127822
0.0956708580912726
-0.207867403075636
-0.1388925582549
0.25
0
0.138892558254901
0.207867403075636
-0.0956708580912724
0.230969883127822
-0.245196320100808
0.0487725805040322
-0.176776695296637
-0.176776695296637
0.0487725805040321
-0.245196320100808
0.230969883127822
-0.0956708580912726
0.207867403075636
0.1388925582549
0
-0.25
0.207867403075636
-0.138892558254901
0.230969883127822
0.0956708580912724
0.0487725805040322
0.245196320100808
-0.176776695296637
0.176776695296637
-0.245196320100808
-0.048772580504032
-0.0956708580912726
-0.230969883127822
0.1388925582549
-0.207867403075636
0.25
0
0.0956708580912725
0.230969883127822
-0.176776695296637
0.176776695296637
-0.230969883127822
-0.0956708580912724
0
-0.25
0.230969883127822
-0.0956708580912726
0.176776695296637
0.176776695296637
-0.0956708580912725
0.230969883127822
0.25
0
0.0956708580912725
0.230969883127822
-0.176776695296637
0.176776695296637
-0.230969883127822
-0.0956708580912724
0
-0.25
0.230969883127822
-0.0956708580912726
0.176776695296637
0.176776695296637
-0.0956708580912725
0.230969883127822
0.25
0
0.0956708580912725
0.230969883127822
-0.176776695296637
0.176776695296637
-0.230969883127822
-0.0956708580912724
0
-0.25
0.230969883127822
-0.0956708580912726
0.176776695296637
0.176776695296637
-0.0956708580912725
0.230969883127822
0
0.25
-0.230969883127822
0.0956708580912725
-0.176776695296637
-0.176776695296637
0.0956708580912724
-0.230969883127822
0.25
0
0.0956708580912726
0.230969883127822
-0.176776695296637
0.176776695296637
-0.230969883127822
-0.0956708580912725
0.25
0
0.0956708580912725
0.230969883127822
-0.176776695296637
0.176776695296637
-0.230969883127822
-0.0956708580912724
0
-0.25
0.230969883127822
-0.0956708580912726
0.176776695296637
0.176776695296637
-0.0956708580912725
0.230969883127822
-0.25
0
-0.0956708580912725
-0.230969883127822
0.176776695296637
-0.176776695296637
0.230969883127822
0.0956708580912724
0
0.25
-0.230969883127822
0.0956708580912726
-0.176776695296637
-0.176776695296637
0.0956708580912724
-0.230969883127822
0.25
0
0.0956708580912725
0.230969883127822
-0.176776695296637
0.176776695296637
-0.230969883127822
-0.0956708580912724
0
-0.25
0.230969883127822
-0.0956708580912726
0.176776695296637
0.176776695296637
-0.0956708580912725
0.230969883127822
0
-0.25
0.230969883127822
-0.0956708580912725
0.176776695296637
0.176776695296637
-0.0956708580912724
0.230969883127822
-0.25
0
-0.0956708580912726
-0.230969883127822
0.176776695296637
-0.176776695296637
0.230969883127822
0.0956708580912724
0.25
0
0.0487725805040321
0.245196320100808
-0.230969883127822
0.0956708580912725
-0.138892558254901
-0.207867403075636
0.176776695296637
-0.176776695296637
0.207867403075636
0.1388925582549
-0.0956708580912725
0.230969883127822
-0.245196320100808
-0.0487725805040318
0.25
0
0.0487725805040321
0.245196320100808
-0.230969883127822
0.0956708580912725
-0.138892558254901
-0.207867403075636
0.176776695296637
-0.176776695296637
0.207867403075636
0.1388925582549
-0.0956708580912725
0.230969883127822
-0.245196320100808
-0.0487725805040318
0.25
0
0.0487725805040321
0.245196320100808
-0.230969883127822
0.0956708580912725
-0.138892558254901
-0.207867403075636
0.176776695296637
-0.176776695296637
0.207867403075636
0.1388925582549
-0.0956708580912725
0.230969883127822
-0.245196320100808
-0.0487725805040318
0
0.25
-0.245196320100808
0.0487725805040321
-0.0956708580912725
-0.230969883127822
0.207867403075636
-0.138892558254901
0.176776695296637
0.176776695296637
-0.1388925582549
0.207867403075636
-0.230969883127822
-0.0956708580912725
0.0487725805040318
-0.245196320100808
0.25
0
0.0487725805040321
0.245196320100808
-0.230969883127822
0.0956708580912725
-0.138892558254901
-0.207867403075636
0.176776695296637
-0.176776695296637
0.207867403075636
0.1388925582549
-0.0956708580912725
0.230969883127822
-0.245196320100808
-0.0487725805040318
-0.25
0
-0.0487725805040321
-0.245196320100808
0.230969883127822
-0.0956708580912725
0.138892558254901
0.207867403075636
-0.176776695296637
0.176776695296637
-0.207867403075636
-0.1388925582549
0.0956708580912724
-0.230969883127822
0.245196320100808
0.0487725805040318
0.25
0
0.0487725805040321
0.245196320100808
-0.230969883127822
0.0956708580912725
-0.138892558254901
-0.207867403075636
0.176776695296637
-0.176776695296637
0.207867403075636
0.1388925582549
-0.0956708580912725
0.230969883127822
-0.245196320100808
-0.0487725805040318
0
-0.25
0.245196320100808
-0.0487725805040321
0.0956708580912725
0.230969883127822
-0.207867403075636
0.138892558254901
-0.176776695296637
-0.176776695296637
0.1388925582549
-0.207867403075636
0.230969883127822
0.0956708580912724
-0.0487725805040318
0.245196320100808
0.25
0
0
0.25
-0.25
0
0
-0.25
0.25
0
0
0.25
-0.25
0
0
-0.25
0.25
0
0
0.25
-0.25
0
0
-0.25
0.25
0
0
0.25
-0.25
0
0
-0.25
0.25
0
0
0.25
-0.25
0
0
-0.25
0.25
0
0
0.25
-0.25
0
0
-0.25
0
0.25
-0.25
0
0
-0.25
0.25
0
0
0.25
-0.25
0
0
-0.25
0.25
0
0.25
0
0
0.25
-0.25
0
0
-0.25
0.25
0
0
0.25
-0.25
0
0
-0.25
-0.25
0
0
-0.25
0.25
0
0
0.25
-0.25
0
0
-0.25
0.25
0
0
0.25
0.25
0
0
0.25
-0.25
0
0
-0.25
0.25
0
0
0.25
-0.25
0
0
-0.25
0
-0.25
0.25
0
0
0.25
-0.25
0
0
-0.25
0.25
0
0
0.25
-0.25
0
0.25
0
-0.048772580504032
0.245196320100808
-0.230969883127822
-0.0956708580912724
0.1388925582549
-0.207867403075636
0.176776695296637
0.176776695296637
-0.207867403075636
0.138892558254901
-0.0956708580912726
-0.230969883127822
0.245196320100808
-0.048772580504032
0.25
0
-0.048772580504032
0.245196320100808
-0.230969883127822
-0.0956708580912724
0.1388925582549
-0.207867403075636
0.176776695296637
0.176776695296637
-0.207867403075636
0.138892558254901
-0.0956708580912726
-0.230969883127822
0.245196320100808
-0.048772580504032
0.25
0
-0.048772580504032
0.245196320100808
-0.230969883127822
-0.0956708580912724
0.1388925582549
-0.207867403075636
0.176776695296637
0.176776695296637
-0.207867403075636
0.138892558254901
-0.0956708580912726
-0.230969883127822
0.245196320100808
-0.048772580504032
0
0.25
-0.245196320100808
-0.048772580504032
0.0956708580912724
-0.230969883127822
0.207867403075636
0.1388925582549
-0.176776695296637
0.176776695296637
-0.138892558254901
-0.207867403075636
0.230969883127822
-0.0956708580912727
0.048772580504032
0.245196320100808
0.25
0
-0.048772580504032
0.245196320100808
-0.230969883127822
-0.0956708580912724
0.1388925582549
-0.207867403075636
0.176776695296637
0.176776695296637
-0.207867403075636
0.138892558254901
-0.0956708580912726
-0.230969883127822
0.245196320100808
-0.048772580504032
-0.25
0
0.048772580504032
-0.245196320100808
0.230969883127822
0.0956708580912724
-0.1388925582549
0.207867403075636
-0.176776695296637
-0.176776695296637
0.207867403075636
-0.138892558254901
0.0956708580912727
0.230969883127822
-0.245196320100808
0.048772580504032
0.25
0
-0.048772580504032
0.245196320100808
-0.230969883127822
-0.0956708580912724
0.1388925582549
-0.207867403075636
0.176776695296637
0.176776695296637
-0.207867403075636
0.138892558254901
-0.0956708580912726
-0.230969883127822
0.245196320100808
-0.048772580504032
0
-0.25
0.245196320100808
0.048772580504032
-0.0956708580912724
0.230969883127822
-0.207867403075636
-0.1388925582549
0.176776695296637
-0.176776695296637
0.138892558254901
0.207867403075636
-0.230969883127822
0.0956708580912727
-0.0487725805040321
-0.245196320100808
0.25
0
-0.0956708580912724
0.230969883127822
-0.176776695296637
-0.176776695296637
0.230969883127822
-0.0956708580912726
0
0.25
-0.230969883127822
-0.0956708580912725
0.176776695296637
-0.176776695296637
0.0956708580912727
0.230969883127822
0.25
0
-0.0956708580912724
0.230969883127822
-0.176776695296637
-0.176776695296637
0.230969883127822
-0.0956708580912726
0
0.25
-0.230969883127822
-0.0956708580912725
0.176776695296637
-0.176776695296637
0.0956708580912727
0.230969883127822
0.25
0
-0.0956708580912724
0.230969883127822
-0.176776695296637
-0.176776695296637
0.230969883127822
-0.0956708580912726
0
0.25
-0.230969883127822
-0.0956708580912725
0.176776695296637
-0.176776695296637
0.0956708580912727
0.230969883127822
0
0.25
-0.230969883127822
-0.0956708580912724
0.176776695296637
-0.176776695296637
0.0956708580912726
0.230969883127822
-0.25
0
0.0956708580912724
-0.230969883127822
0.176776695296637
0.176776695296637
-0.230969883127822
0.0956708580912727
0.25
0
-0.0956708580912724
0.230969883127822
-0.176776695296637
-0.176776695296637
0.230969883127822
-0.0956708580912726
0
0.25
-0.230969883127822
-0.0956708580912725
0.176776695296637
-0.176776695296637
0.0956708580912727
0.230969883127822
-0.25
0
0.0956708580912724
-0.230969883127822
0.176776695296637
0.176776695296637
-0.230969883127822
0.0956708580912726
0
-0.25
0.230969883127822
0.0956708580912724
-0.176776695296637
0.176776695296637
-0.0956708580912727
-0.230969883127822
0.25
0
-0.0956708580912724
0.230969883127822
-0.176776695296637
-0.176776695296637
0.230969883127822
-0.0956708580912726
0
0.25
-0.230969883127822
-0.0956708580912725
0.176776695296637
-0.176776695296637
0.0956708580912727
0.230969883127822
0
-0.25
0.230969883127822
0.0956708580912724
-0.176776695296637
0.176776695296637
-0.0956708580912726
-0.230969883127822
0.25
0
-0.0956708580912724
0.230969883127822
-0.176776695296637
-0.176776695296637
0.230969883127822
-0.0956708580912727
0.25
0
-0.1388925582549
0.207867403075636
-0.0956708580912726
-0.230969883127822
0.245196320100808
0.0487725805040318
-0.176776695296637
0.176776695296637
-0.0487725805040324
-0.245196320100808
0.230969883127822
0.095670858091272
-0.207867403075636
0.138892558254901
0.25
0
-0.1388925582549
0.207867403075636
-0.0956708580912726
-0.230969883127822
0.245196320100808
0.0487725805040318
-0.176776695296637
0.176776695296637
-0.0487725805040324
-0.245196320100808
0.230969883127822
0.095670858091272
-0.207867403075636
0.138892558254901
0.25
0
-0.1388925582549
0.207867403075636
-0.0956708580912726
-0.230969883127822
0.245196320100808
0.0487725805040318
-0.176776695296637
0.176776695296637
-0.0487725805040324
-0.245196320100808
0.230969883127822
0.095670858091272
-0.207867403075636
0.138892558254901
0
0.25
-0.207867403075636
-0.1388925582549
0.230969883127822
-0.0956708580912726
-0.0487725805040318
0.245196320100808
-0.176776695296637
-0.176776695296637
0.245196320100808
-0.0487725805040325
-0.095670858091272
0.230969883127822
-0.138892558254901
-0.207867403075636
0.25
0
-0.1388925582549
0.207867403075636
-0.0956708580912726
-0.230969883127822
0.245196320100808
0.0487725805040318
-0.176776695296637
0.176776695296637
-0.0487725805040324
-0.245196320100808
0.230969883127822
0.095670858091272
-0.207867403075636
0.138892558254901
-0.25
0
0.1388925582549
-0.207867403075636
0.0956708580912726
0.230969883127822
-0.245196320100808
-0.0487725805040318
0.176776695296637
-0.176776695296637
0.0487725805040325
0.245196320100808
-0.230969883127822
-0.095670858091272
0.207867403075636
-0.138892558254901
0.25
0
-0.1388925582549
0.207867403075636
-0.0956708580912726
-0.230969883127822
0.245196320100808
0.0487725805040318
-0.176776695296637
0.176776695296637
-0.0487725805040324
-0.245196320100808
0.230969883127822
0.095670858091272
-0.207867403075636
0.138892558254901
0
-0.25
0.207867403075636
0.1388925582549
-0.230969883127822
0.0956708580912726
0.0487725805040318
-0.245196320100808
0.176776695296637
0.176776695296637
-0.245196320100808
0.0487725805040325
0.095670858091272
-0.230969883127822
0.138892558254901
0.207867403075636
0.25
0
-0.176776695296637
0.176776695296637
0
-0.25
0.176776695296637
0.176776695296637
-0.25
0
0.176776695296637
-0.176776695296637
0
0.25
-0.176776695296637
-0.176776695296637
0.25
0
-0.176776695296637
0.176776695296637
0
-0.25
0.176776695296637
0.176776695296637
-0.25
0
0.176776695296637
-0.176776695296637
0
0.25
-0.176776695296637
-0.176776695296637
0.25
0
-0.176776695296637
0.176776695296637
0
-0.25
0.176776695296637
0.176776695296637
-0.25
0
0.176776695296637
-0.176776695296637
0
0.25
-0.176776695296637
-0.176776695296637
0
0.25
-0.176776695296637
-0.176776695296637
0.25
0
-0.176776695296637
0.176776695296637
0
-0.25
0.176776695296637
0.176776695296637
-0.25
0
0.176776695296637
-0.176776695296637
0.25
0
-0.176776695296637
0.176776695296637
0
-0.25
0.176776695296637
0.176776695296637
-0.25
0
0.176776695296637
-0.176776695296637
0
0.25
-0.176776695296637
-0.176776695296637
-0.25
0
0.176776695296637
-0.176776695296637
0
0.25
-0.176776695296637
-0.176776695296637
0.25
0
-0.176776695296637
0.176776695296637
0
-0.25
0.176776695296637
0.176776695296637
0.25
0
-0.176776695296637
0.176776695296637
0
-0.25
0.176776695296637
0.176776695296637
-0.25
0
0.176776695296637
-0.176776695296637
0
0.25
-0.176776695296637
-0.176776695296637
0
-0.25
0.176776695296637
0.176776695296637
-0.25
0
0.176776695296637
-0.176776695296637
0
0.25
-0.176776695296637
-0.176776695296637
0.25
0
-0.176776695296637
0.176776695296637
0.25
0
-0.207867403075636
0.138892558254901
0.0956708580912725
-0.230969883127822
0.048772580504032
0.245196320100808
-0.176776695296637
-0.176776695296637
0.245196320100808
0.0487725805040322
-0.230969883127822
0.0956708580912723
0.138892558254901
-0.207867403075636
0.25
0
-0.207867403075636
0.138892558254901
0.0956708580912725
-0.230969883127822
0.048772580504032
0.245196320100808
-0.176776695296637
-0.176776695296637
0.245196320100808
0.0487725805040322
-0.230969883127822
0.0956708580912723
0.138892558254901
-0.207867403075636
0.25
0
-0.207867403075636
0.138892558254901
0.0956708580912725
-0.230969883127822
0.048772580504032
0.245196320100808
-0.176776695296637
-0.176776695296637
0.245196320100808
0.0487725805040322
-0.230969883127822
0.0956708580912723
0.138892558254901
-0.207867403075636
0
0.25
-0.138892558254901
-0.207867403075636
0.230969883127822
0.0956708580912725
-0.245196320100808
0.048772580504032
0.176776695296637
-0.176776695296637
-0.0487725805040322
0.245196320100808
-0.0956708580912723
-0.230969883127822
0.207867403075636
0.138892558254901
0.25
0
-0.207867403075636
0.138892558254901
0.0956708580912725
-0.230969883127822
0.048772580504032
0.245196320100808
-0.176776695296637
-0.176776695296637
0.245196320100808
0.0487725805040322
-0.230969883127822
0.0956708580912723
0.138892558254901
-0.207867403075636
-0.25
0
0.207867403075636
-0.138892558254901
-0.0956708580912725
0.230969883127822
-0.048772580504032
-0.245196320100808
0.176776695296637
0.176776695296637
-0.245196320100808
-0.0487725805040322
0.230969883127822
-0.0956708580912723
-0.138892558254901
0.207867403075636
0.25
0
-0.207867403075636
0.138892558254901
0.0956708580912725
-0.230969883127822
0.048772580504032
0.245196320100808
-0.176776695296637
-0.176776695296637
0.245196320100808
0.0487725805040322
-0.230969883127822
0.0956708580912723
0.138892558254901
-0.207867403075636
0
-0.25
0.138892558254901
0.207867403075636
-0.230969883127822
-0.0956708580912725
0.245196320100808
-0.048772580504032
-0.176776695296637
0.176776695296637
0.0487725805040322
-0.245196320100808
0.0956708580912723
0.230969883127822
-0.207867403075636
-0.138892558254901
0.25
0
-0.230969883127822
0.0956708580912725
0.176776695296637
-0.176776695296637
-0.0956708580912725
0.230969883127822
0
-0.25
0.0956708580912727
0.230969883127822
-0.176776695296637
-0.176776695296637
0.230969883127822
0.095670858091272
0.25
0
-0.230969883127822
0.0956708580912725
0.176776695296637
-0.176776695296637
-0.0956708580912725
0.230969883127822
0
-0.25
0.0956708580912727
0.230969883127822
-0.176776695296637
-0.176776695296637
0.230969883127822
0.095670858091272
0.25
0
-0.230969883127822
0.0956708580912725
0.176776695296637
-0.176776695296637
-0.0956708580912725
0.230969883127822
0
-0.25
0.0956708580912727
0.230969883127822
-0.176776695296637
-0.176776695296637
0.230969883127822
0.095670858091272
0
0.25
-0.0956708580912725
-0.230969883127822
0.176776695296637
0.176776695296637
-0.230969883127822
-0.0956708580912725
0.25
0
-0.230969883127822
0.0956708580912727
0.176776695296637
-0.176776695296637
-0.0956708580912719
0.230969883127822
0.25
0
-0.230969883127822
0.0956708580912725
0.176776695296637
-0.176776695296637
-0.0956708580912725
0.230969883127822
0
-0.25
0.0956708580912727
0.230969883127822
-0.176776695296637
-0.176776695296637
0.230969883127822
0.095670858091272
-0.25
0
0.230969883127822
-0.0956708580912725
-0.176776695296637
0.176776695296637
0.0956708580912724
-0.230969883127822
0
0.25
-0.0956708580912727
-0.230969883127822
0.176776695296637
0.176776695296637
-0.230969883127822
-0.0956708580912719
0.25
0
-0.230969883127822
0.0956708580912725
0.176776695296637
-0.176776695296637
-0.0956708580912725
0.230969883127822
0
-0.25
0.0956708580912727
0.230969883127822
-0.176776695296637
-0.176776695296637
0.230969883127822
0.095670858091272
0
-0.25
0.0956708580912725
0.230969883127822
-0.176776695296637
-0.176776695296637
0.230969883127822
0.0956708580912724
-0.25
0
0.230969883127822
-0.0956708580912727
-0.176776695296637
0.176776695296637
0.0956708580912719
-0.230969883127822
0.25
0
-0.245196320100808
0.0487725805040322
0.230969883127822
-0.0956708580912726
-0.207867403075636
0.138892558254901
0.176776695296637
-0.176776695296637
-0.1388925582549
0.207867403075636
0.0956708580912716
-0.230969883127822
-0.0487725805040313
0.245196320100808
0.25
0
-0.245196320100808
0.0487725805040322
0.230969883127822
-0.0956708580912726
-0.207867403075636
0.138892558254901
0.176776695296637
-0.176776695296637
-0.1388925582549
0.207867403075636
0.0956708580912716
-0.230969883127822
-0.0487725805040313
0.245196320100808
0.25
0
-0.245196320100808
0.0487725805040322
0.230969883127822
-0.0956708580912726
-0.207867403075636
0.138892558254901
0.176776695296637
-0.176776695296637
-0.1388925582549
0.207867403075636
0.0956708580912716
-0.230969883127822
-0.0487725805040313
0.245196320100808
0
0.25
-0.0487725805040322
-0.245196320100808
0.0956708580912726
0.230969883127822
-0.138892558254901
-0.207867403075636
0.176776695296637
0.176776695296637
-0.207867403075636
-0.1388925582549
0.230969883127822
0.0956708580912716
-0.245196320100808
-0.0487725805040313
0.25
0
-0.245196320100808
0.0487725805040322
0.230969883127822
-0.0956708580912726
-0.207867403075636
0.138892558254901
0.176776695296637
-0.176776695296637
-0.1388925582549
0.207867403075636
0.0956708580912716
-0.230969883127822
-0.0487725805040313
0.245196320100808
-0.25
0
0.245196320100808
-0.0487725805040322
-0.230969883127822
0.0956708580912726
0.207867403075636
-0.138892558254901
-0.176776695296637
0.176776695296637
0.1388925582549
-0.207867403075636
-0.0956708580912715
0.230969883127822
0.0487725805040312
-0.245196320100808
0.25
0
-0.245196320100808
0.0487725805040322
0.230969883127822
-0.0956708580912726
-0.207867403075636
0.138892558254901
0.176776695296637
-0.176776695296637
-0.1388925582549
0.207867403075636
0.0956708580912716
-0.230969883127822
-0.0487725805040313
0.245196320100808
0
-0.25
0.0487725805040322
0.245196320100808
-0.0956708580912726
-0.230969883127822
0.138892558254901
0.207867403075636
-0.176776695296637
-0.176776695296637
0.207867403075636
0.1388925582549
-0.230969883127822
-0.0956708580912715
0.245196320100808
0.0487725805040312
0.25
0
-0.25
0
0.25
0
-0.25
0
0.25
0
-0.25
0
0.25
0
-0.25
0
0.25
0
-0.25
0
0.25
0
-0.25
0
0.25
0
-0.25
0
0.25
0
-0.25
0
0.25
0
-0.25
0
0.25
0
-0.25
0
0.25
0
-0.25
0
0.25
0
-0.25
0
0
0.25
0
-0.25
0
0.25
0
-0.25
0
0.25
0
-0.25
0
0.25
0
-0.25
0.25
0
-0.25
0
0.25
0
-0.25
0
0.25
0
-0.25
0
0.25
0
-0.25
0
-0.25
0
0.25
0
-0.25
0
0.25
0
-0.25
0
0.25
0
-0.25
0
0.25
0
0.25
0
-0.25
0
0.25
0
-0.25
0
0.25
0
-0.25
0
0.25
0
-0.25
0
0
-0.25
0
0.25
0
-0.25
0
0.25
0
-0.25
0
0.25
0
-0.25
0
0.25
0.25
0
-0.245196320100808
-0.0487725805040321
0.230969883127822
0.0956708580912725
-0.207867403075636
-0.138892558254901
0.176776695296637
0.176776695296637
-0.138892558254901
-0.207867403075636
0.0956708580912719
0.230969883127822
-0.0487725805040317
-0.245196320100808
0.25
0
-0.245196320100808
-0.0487725805040321
0.230969883127822
0.0956708580912725
-0.207867403075636
-0.138892558254901
0.176776695296637
0.176776695296637
-0.138892558254901
-0.207867403075636
0.0956708580912719
0.230969883127822
-0.0487725805040317
-0.245196320100808
0.25
0
-0.245196320100808
-0.0487725805040321
0.230969883127822
0.0956708580912725
-0.207867403075636
-0.138892558254901
0.176776695296637
0.176776695296637
-0.138892558254901
-0.207867403075636
0.0956708580912719
0.230969883127822
-0.0487725805040317
-0.245196320100808
0
0.25
0.0487725805040321
-0.245196320100808
-0.0956708580912725
0.230969883127822
0.138892558254901
-0.207867403075636
-0.176776695296637
0.176776695296637
0.207867403075636
-0.138892558254901
-0.230969883127822
0.0956708580912719
0.245196320100808
-0.0487725805040317
0.25
0
-0.245196320100808
-0.0487725805040321
0.230969883127822
0.0956708580912725
-0.207867403075636
-0.138892558254901
0.176776695296637
0.176776695296637
-0.138892558254901
-0.207867403075636
0.0956708580912719
0.230969883127822
-0.0487725805040317
-0.245196320100808
-0.25
0
0.245196320100808
0.0487725805040321
-0.230969883127822
-0.0956708580912725
0.207867403075636
0.138892558254901
-0.176776695296637
-0.176776695296637
0.138892558254901
0.207867403075636
-0.0956708580912719
-0.230969883127822
0.0487725805040317
0.245196320100808
0.25
0
-0.245196320100808
-0.0487725805040321
0.230969883127822
0.0956708580912725
-0.207867403075636
-0.138892558254901
0.176776695296637
0.176776695296637
-0.138892558254901
-0.207867403075636
0.0956708580912719
0.230969883127822
-0.0487725805040317
-0.245196320100808
0
-0.25
-0.048772580504032
0.245196320100808
0.0956708580912724
-0.230969883127822
-0.138892558254901
0.207867403075636
0.176776695296637
-0.176776695296637
-0.207867403075636
0.138892558254901
0.230969883127822
-0.0956708580912719
-0.245196320100808
0.0487725805040317
0.25
0
-0.230969883127822
-0.0956708580912724
0.176776695296637
0.176776695296637
-0.0956708580912726
-0.230969883127822
0
0.25
0.0956708580912724
-0.230969883127822
-0.176776695296637
0.176776695296637
0.230969883127822
-0.0956708580912724
0.25
0
-0.230969883127822
-0.0956708580912724
0.176776695296637
0.176776695296637
-0.0956708580912726
-0.230969883127822
0
0.25
0.0956708580912724
-0.230969883127822
-0.176776695296637
0.176776695296637
0.230969883127822
-0.0956708580912724
0.25
0
-0.230969883127822
-0.0956708580912724
0.176776695296637
0.176776695296637
-0.0956708580912726
-0.230969883127822
0
0.25
0.0956708580912724
-0.230969883127822
-0.176776695296637
0.176776695296637
0.230969883127822
-0.0956708580912724
0
0.25
0.0956708580912724
-0.230969883127822
-0.176776695296637
0.176776695296637
0.230969883127822
-0.0956708580912727
-0.25
0
0.230969883127822
0.0956708580912724
-0.176776695296637
-0.176776695296637
0.0956708580912724
0.230969883127822
0.25
0
-0.230969883127822
-0.0956708580912724
0.176776695296637
0.176776695296637
-0.0956708580912726
-0.230969883127822
0
0.25
0.0956708580912724
-0.230969883127822
-0.176776695296637
0.176776695296637
0.230969883127822
-0.0956708580912724
-0.25
0
0.230969883127822
0.0956708580912724
-0.176776695296637
-0.176776695296637
0.0956708580912727
0.230969883127822
0
-0.25
-0.0956708580912724
0.230969883127822
0.176776695296637
-0.176776695296637
-0.230969883127822
0.0956708580912724
0.25
0
-0.230969883127822
-0.0956708580912724
0.176776695296637
0.176776695296637
-0.0956708580912726
-0.230969883127822
0
0.25
0.0956708580912724
-0.230969883127822
-0.176776695296637
0.176776695296637
0.230969883127822
-0.0956708580912724
0
-0.25
-0.0956708580912724
0.230969883127822
0.176776695296637
-0.176776695296637
-0.230969883127822
0.0956708580912727
0.25
0
-0.230969883127822
-0.0956708580912723
0.176776695296637
0.176776695296637
-0.0956708580912724
-0.230969883127822
0.25
0
-0.207867403075636
-0.1388925582549
0.0956708580912726
0.230969883127822
0.0487725805040318
-0.245196320100808
-0.176776695296637
0.176776695296637
0.245196320100808
-0.0487725805040321
-0.230969883127822
-0.0956708580912719
0.138892558254901
0.207867403075636
0.25
0
-0.207867403075636
-0.1388925582549
0.0956708580912726
0.230969883127822
0.0487725805040318
-0.245196320100808
-0.176776695296637
0.176776695296637
0.245196320100808
-0.0487725805040321
-0.230969883127822
-0.0956708580912719
0.138892558254901
0.207867403075636
0.25
0
-0.207867403075636
-0.1388925582549
0.0956708580912726
0.230969883127822
0.0487725805040318
-0.245196320100808
-0.176776695296637
0.176776695296637
0.245196320100808
-0.0487725805040321
-0.230969883127822
-0.0956708580912719
0.138892558254901
0.207867403075636
0
0.25
0.1388925582549
-0.207867403075636
-0.230969883127822
0.0956708580912726
0.245196320100808
0.0487725805040318
-0.176776695296637
-0.176776695296637
0.0487725805040321
0.245196320100808
0.0956708580912719
-0.230969883127822
-0.207867403075636
0.138892558254901
0.25
0
-0.207867403075636
-0.1388925582549
0.0956708580912726
0.230969883127822
0.0487725805040318
-0.245196320100808
-0.176776695296637
0.176776695296637
0.245196320100808
-0.0487725805040321
-0.230969883127822
-0.0956708580912719
0.138892558254901
0.207867403075636
-0.25
0
0.207867403075636
0.1388925582549
-0.0956708580912726
-0.230969883127822
-0.0487725805040318
0.245196320100808
0.176776695296637
-0.176776695296637
-0.245196320100808
0.0487725805040321
0.230969883127822
0.0956708580912719
-0.138892558254901
-0.207867403075636
0.25
0
-0.207867403075636
-0.1388925582549
0.0956708580912726
0.230969883127822
0.0487725805040318
-0.245196320100808
-0.176776695296637
0.176776695296637
0.245196320100808
-0.0487725805040321
-0.230969883127822
-0.0956708580912719
0.138892558254901
0.207867403075636
0
-0.25
-0.1388925582549
0.207867403075636
0.230969883127822
-0.0956708580912727
-0.245196320100808
-0.0487725805040318
0.176776695296637
0.176776695296637
-0.0487725805040321
-0.245196320100808
-0.0956708580912719
0.230969883127822
0.207867403075636
-0.138892558254901
0.25
0
-0.176776695296637
-0.176776695296637
0
0.25
0.176776695296637
-0.176776695296637
-0.25
0
0.176776695296637
0.176776695296637
0
-0.25
-0.176776695296637
0.176776695296637
0.25
0
-0.176776695296637
-0.176776695296637
0
0.25
0.176776695296637
-0.176776695296637
-0.25
0
0.176776695296637
0.176776695296637
0
-0.25
-0.176776695296637
0.176776695296637
0.25
0
-0.176776695296637
-0.176776695296637
0
0.25
0.176776695296637
-0.176776695296637
-0.25
0
0.176776695296637
0.176776695296637
0
-0.25
-0.176776695296637
0.176776695296637
0
0.25
0.176776695296637
-0.176776695296637
-0.25
0
0.176776695296637
0.176776695296637
0
-0.25
-0.176776695296637
0.176776695296637
0.25
0
-0.176776695296637
-0.176776695296637
0.25
0
-0.176776695296637
-0.176776695296637
0
0.25
0.176776695296637
-0.176776695296637
-0.25
0
0.176776695296637
0.176776695296637
0
-0.25
-0.176776695296637
0.176776695296637
-0.25
0
0.176776695296637
0.176776695296637
0
-0.25
-0.176776695296637
0.176776695296637
0.25
0
-0.176776695296637
-0.176776695296637
0
0.25
0.176776695296637
-0.176776695296637
0.25
0
-0.176776695296637
-0.176776695296637
0
0.25
0.176776695296637
-0.176776695296637
-0.25
0
0.176776695296637
0.176776695296637
0
-0.25
-0.176776695296637
0.176776695296637
0
-0.25
-0.176776695296637
0.176776695296637
0.25
0
-0.176776695296637
-0.176776695296637
0
0.25
0.176776695296637
-0.176776695296637
-0.25
0
0.176776695296637
0.176776695296637
0.25
0
-0.138892558254901
-0.207867403075636
-0.0956708580912725
0.230969883127822
0.245196320100808
-0.048772580504032
-0.176776695296637
-0.176776695296637
-0.0487725805040321
0.245196320100808
0.230969883127822
-0.0956708580912724
-0.207867403075636
-0.138892558254901
0.25
0
-0.138892558254901
-0.207867403075636
-0.0956708580912725
0.230969883127822
0.245196320100808
-0.048772580504032
-0.176776695296637
-0.176776695296637
-0.0487725805040321
0.245196320100808
0.230969883127822
-0.0956708580912724
-0.207867403075636
-0.138892558254901
0.25
0
-0.138892558254901
-0.207867403075636
-0.0956708580912725
0.230969883127822
0.245196320100808
-0.048772580504032
-0.176776695296637
-0.176776695296637
-0.0487725805040321
0.245196320100808
0.230969883127822
-0.0956708580912724
-0.207867403075636
-0.138892558254901
0
0.25
0.207867403075636
-0.138892558254901
-0.230969883127822
-0.0956708580912725
0.048772580504032
0.245196320100808
0.176776695296637
-0.176776695296637
-0.245196320100808
-0.0487725805040321
0.0956708580912724
0.230969883127822
0.138892558254901
-0.207867403075636
0.25
0
-0.138892558254901
-0.207867403075636
-0.0956708580912725
0.230969883127822
0.245196320100808
-0.048772580504032
-0.176776695296637
-0.176776695296637
-0.0487725805040321
0.245196320100808
0.230969883127822
-0.0956708580912724
-0.207867403075636
-0.138892558254901
-0.25
0
0.138892558254901
0.207867403075636
0.0956708580912724
-0.230969883127822
-0.245196320100808
0.048772580504032
0.176776695296637
0.176776695296637
0.0487725805040321
-0.245196320100808
-0.230969883127822
0.0956708580912724
0.207867403075636
0.138892558254901
0.25
0
-0.138892558254901
-0.207867403075636
-0.0956708580912725
0.230969883127822
0.245196320100808
-0.048772580504032
-0.176776695296637
-0.176776695296637
-0.0487725805040321
0.245196320100808
0.230969883127822
-0.0956708580912724
-0.207867403075636
-0.138892558254901
0
-0.25
-0.207867403075636
0.138892558254901
0.230969883127822
0.0956708580912724
-0.0487725805040321
-0.245196320100808
-0.176776695296637
0.176776695296637
0.245196320100808
0.0487725805040321
-0.0956708580912724
-0.230969883127822
-0.138892558254901
0.207867403075636
0.25
0
-0.0956708580912726
-0.230969883127822
-0.176776695296637
0.176776695296637
0.230969883127822
0.095670858091272
0
-0.25
-0.230969883127821
0.0956708580912732
0.176776695296638
0.176776695296636
0.0956708580912714
-0.230969883127822
0.25
0
-0.0956708580912726
-0.230969883127822
-0.176776695296637
0.176776695296637
0.230969883127822
0.095670858091272
0
-0.25
-0.230969883127821
0.0956708580912732
0.176776695296638
0.176776695296636
0.0956708580912714
-0.230969883127822
0.25
0
-0.0956708580912726
-0.230969883127822
-0.176776695296637
0.176776695296637
0.230969883127822
0.095670858091272
0
-0.25
-0.230969883127821
0.0956708580912732
0.176776695296638
0.176776695296636
0.0956708580912714
-0.230969883127822
0
0.25
0.230969883127822
-0.0956708580912726
-0.176776695296637
-0.176776695296637
-0.095670858091272
0.230969883127822
0.25
0
-0.0956708580912732
-0.230969883127821
-0.176776695296636
0.176776695296638
0.230969883127822
0.0956708580912714
0.25
0
-0.0956708580912726
-0.230969883127822
-0.176776695296637
0.176776695296637
0.230969883127822
0.095670858091272
0
-0.25
-0.230969883127821
0.0956708580912732
0.176776695296638
0.176776695296636
0.0956708580912714
-0.230969883127822
-0.25
0
0.0956708580912726
0.230969883127822
0.176776695296637
-0.176776695296637
-0.230969883127822
-0.095670858091272
0
0.25
0.230969883127821
-0.0956708580912732
-0.176776695296638
-0.176776695296636
-0.0956708580912714
0.230969883127822
0.25
0
-0.0956708580912726
-0.230969883127822
-0.176776695296637
0.176776695296637
0.230969883127822
0.095670858091272
0
-0.25
-0.230969883127821
0.0956708580912732
0.176776695296638
0.176776695296636
0.0956708580912714
-0.230969883127822
0
-0.25
-0.230969883127822
0.0956708580912726
0.176776695296637
0.176776695296637
0.095670858091272
-0.230969883127822
-0.25
0
0.0956708580912732
0.230969883127821
0.176776695296636
-0.176776695296638
-0.230969883127822
-0.0956708580912714
0.25
0
-0.0487725805040322
-0.245196320100808
-0.230969883127822
0.0956708580912726
0.138892558254901
0.207867403075636
0.176776695296637
-0.176776695296637
-0.207867403075637
-0.1388925582549
-0.0956708580912723
0.230969883127822
0.245196320100808
0.0487725805040316
0.25
0
-0.0487725805040322
-0.245196320100808
-0.230969883127822
0.0956708580912726
0.138892558254901
0.207867403075636
0.176776695296637
-0.176776695296637
-0.207867403075637
-0.1388925582549
-0.0956708580912723
0.230969883127822
0.245196320100808
0.0487725805040316
0.25
0
-0.0487725805040322
-0.245196320100808
-0.230969883127822
0.0956708580912726
0.138892558254901
0.207867403075636
0.176776695296637
-0.176776695296637
-0.207867403075637
-0.1388925582549
-0.0956708580912723
0.230969883127822
0.245196320100808
0.0487725805040316
0
0.25
0.245196320100808
-0.0487725805040322
-0.0956708580912726
-0.230969883127822
-0.207867403075636
0.138892558254901
0.176776695296637
0.176776695296637
0.1388925582549
-0.207867403075637
-0.230969883127822
-0.0956708580912723
-0.0487725805040316
0.245196320100808
0.25
0
-0.0487725805040322
-0.245196320100808
-0.230969883127822
0.0956708580912726
0.138892558254901
0.207867403075636
0.176776695296637
-0.176776695296637
-0.207867403075637
-0.1388925582549
-0.0956708580912723
0.230969883127822
0.245196320100808
0.0487725805040316
-0.25
0
0.0487725805040322
0.245196320100808
0.230969883127822
-0.0956708580912727
-0.138892558254901
-0.207867403075636
-0.176776695296637
0.176776695296637
0.207867403075637
0.1388925582549
0.0956708580912723
-0.230969883127822
-0.245196320100808
-0.0487725805040316
0.25
0
-0.0487725805040322
-0.245196320100808
-0.230969883127822
0.0956708580912726
0.138892558254901
0.207867403075636
0.176776695296637
-0.176776695296637
-0.207867403075637
-0.1388925582549
-0.0956708580912723
0.230969883127822
0.245196320100808
0.0487725805040316
0
-0.25
-0.245196320100808
0.0487725805040322
0.0956708580912727
0.230969883127822
0.207867403075636
-0.138892558254901
-0.176776695296637
-0.176776695296637
-0.1388925582549
0.207867403075637
0.230969883127822
0.0956708580912723
0.0487725805040316
-0.245196320100808
0.25
0
0
-0.25
-0.25
0
0
0.25
0.25
0
0
-0.25
-0.25
0
0
0.25
0.25
0
0
-0.25
-0.25
0
0
0.25
0.25
0
0
-0.25
-0.25
0
0
0.25
0.25
0
0
-0.25
-0.25
0
0
0.25
0.25
0
0
-0.25
-0.25
0
0
0.25
0
0.25
0.25
0
0
-0.25
-0.25
0
0
0.25
0.25
0
0
-0.25
-0.25
0
0.25
0
0
-0.25
-0.25
0
0
0.25
0.25
0
0
-0.25
-0.25
0
0
0.25
-0.25
0
0
0.25
0.25
0
0
-0.25
-0.25
0
0
0.25
0.25
0
0
-0.25
0.25
0
0
-0.25
-0.25
0
0
0.25
0.25
0
0
-0.25
-0.25
0
0
0.25
0
-0.25
-0.25
0
0
0.25
0.25
0
0
-0.25
-0.25
0
0
0.25
0.25
0
0.25
0
0.0487725805040321
-0.245196320100808
-0.230969883127822
-0.0956708580912725
-0.1388925582549
0.207867403075636
0.176776695296637
0.176776695296637
0.207867403075636
-0.1388925582549
-0.0956708580912728
-0.230969883127822
-0.245196320100808
0.0487725805040314
0.25
0
0.0487725805040321
-0.245196320100808
-0.230969883127822
-0.0956708580912725
-0.1388925582549
0.207867403075636
0.176776695296637
0.176776695296637
0.207867403075636
-0.1388925582549
-0.0956708580912728
-0.230969883127822
-0.245196320100808
0.0487725805040314
0.25
0
0.0487725805040321
-0.245196320100808
-0.230969883127822
-0.0956708580912725
-0.1388925582549
0.207867403075636
0.176776695296637
0.176776695296637
0.207867403075636
-0.1388925582549
-0.0956708580912728
-0.230969883127822
-0.245196320100808
0.0487725805040314
0
0.25
0.245196320100808
0.0487725805040321
0.0956708580912724
-0.230969883127822
-0.207867403075636
-0.1388925582549
-0.176776695296637
0.176776695296637
0.1388925582549
0.207867403075636
0.230969883127822
-0.0956708580912728
-0.0487725805040314
-0.245196320100808
0.25
0
0.0487725805040321
-0.245196320100808
-0.230969883127822
-0.0956708580912725
-0.1388925582549
0.207867403075636
0.176776695296637
0.176776695296637
0.207867403075636
-0.1388925582549
-0.0956708580912728
-0.230969883127822
-0.245196320100808
0.0487725805040314
-0.25
0
-0.048772580504032
0.245196320100808
0.230969883127822
0.0956708580912724
0.1388925582549
-0.207867403075636
-0.176776695296637
-0.176776695296637
-0.207867403075636
0.1388925582549
0.0956708580912728
0.230969883127822
0.245196320100808
-0.0487725805040314
0.25
0
0.0487725805040321
-0.245196320100808
-0.230969883127822
-0.0956708580912725
-0.1388925582549
0.207867403075636
0.176776695296637
0.176776695296637
0.207867403075636
-0.1388925582549
-0.0956708580912728
-0.230969883127822
-0.245196320100808
0.0487725805040314
0
-0.25
-0.245196320100808
-0.048772580504032
-0.0956708580912724
0.230969883127822
0.207867403075636
0.1388925582549
0.176776695296637
-0.176776695296637
-0.1388925582549
-0.207867403075636
-0.230969883127822
0.0956708580912728
0.0487725805040314
0.245196320100808
0.25
0
0.0956708580912725
-0.230969883127822
-0.176776695296637
-0.176776695296637
-0.230969883127822
0.0956708580912723
0
0.25
0.230969883127822
0.0956708580912727
0.176776695296637
-0.176776695296637
-0.0956708580912712
-0.230969883127822
0.25
0
0.0956708580912725
-0.230969883127822
-0.176776695296637
-0.176776695296637
-0.230969883127822
0.0956708580912723
0
0.25
0.230969883127822
0.0956708580912727
0.176776695296637
-0.176776695296637
-0.0956708580912712
-0.230969883127822
0.25
0
0.0956708580912725
-0.230969883127822
-0.176776695296637
-0.176776695296637
-0.230969883127822
0.0956708580912723
0
0.25
0.230969883127822
0.0956708580912727
0.176776695296637
-0.176776695296637
-0.0956708580912712
-0.230969883127822
0
0.25
0.230969883127822
0.0956708580912725
0.176776695296637
-0.176776695296637
-0.0956708580912723
-0.230969883127822
-0.25
0
-0.0956708580912727
0.230969883127822
0.176776695296637
0.176776695296637
0.230969883127822
-0.0956708580912712
0.25
0
0.0956708580912725
-0.230969883127822
-0.176776695296637
-0.176776695296637
-0.230969883127822
0.0956708580912723
0
0.25
0.230969883127822
0.0956708580912727
0.176776695296637
-0.176776695296637
-0.0956708580912712
-0.230969883127822
-0.25
0
-0.0956708580912725
0.230969883127822
0.176776695296637
0.176776695296637
0.230969883127822
-0.0956708580912723
0
-0.25
-0.230969883127822
-0.0956708580912727
-0.176776695296637
0.176776695296637
0.0956708580912713
0.230969883127822
0.25
0
0.0956708580912725
-0.230969883127822
-0.176776695296637
-0.176776695296637
-0.230969883127822
0.0956708580912723
0
0.25
0.230969883127822
0.0956708580912727
0.176776695296637
-0.176776695296637
-0.0956708580912712
-0.230969883127822
0
-0.25
-0.230969883127822
-0.0956708580912725
-0.176776695296637
0.176776695296637
0.0956708580912723
0.230969883127822
0.25
0
0.0956708580912727
-0.230969883127822
-0.176776695296637
-0.176776695296637
-0.230969883127822
0.0956708580912713
0.25
0
0.1388925582549
-0.207867403075636
-0.0956708580912726
-0.230969883127822
-0.245196320100808
-0.0487725805040317
-0.176776695296637
0.176776695296637
0.0487725805040326
0.245196320100807
0.230969883127822
0.0956708580912718
0.207867403075635
-0.138892558254902
0.25
0
0.1388925582549
-0.207867403075636
-0.0956708580912726
-0.230969883127822
-0.245196320100808
-0.0487725805040317
-0.176776695296637
0.176776695296637
0.0487725805040326
0.245196320100807
0.230969883127822
0.0956708580912718
0.207867403075635
-0.138892558254902
0.25
0
0.1388925582549
-0.207867403075636
-0.0956708580912726
-0.230969883127822
-0.245196320100808
-0.0487725805040317
-0.176776695296637
0.176776695296637
0.0487725805040326
0.245196320100807
0.230969883127822
0.0956708580912718
0.207867403075635
-0.138892558254902
0
0.25
0.207867403075636
0.1388925582549
0.230969883127822
-0.0956708580912727
0.0487725805040317
-0.245196320100808
-0.176776695296637
-0.176776695296637
-0.245196320100807
0.0487725805040326
-0.0956708580912718
0.230969883127822
0.138892558254902
0.207867403075635
0.25
0
0.1388925582549
-0.207867403075636
-0.0956708580912726
-0.230969883127822
-0.245196320100808
-0.0487725805040317
-0.176776695296637
0.176776695296637
0.0487725805040326
0.245196320100807
0.230969883127822
0.0956708580912718
0.207867403075635
-0.138892558254902
-0.25
0
-0.1388925582549
0.207867403075636
0.0956708580912727
0.230969883127822
0.245196320100808
0.0487725805040317
0.176776695296637
-0.176776695296637
-0.0487725805040326
-0.245196320100807
-0.230969883127822
-0.0956708580912718
-0.207867403075635
0.138892558254902
0.25
0
0.1388925582549
-0.207867403075636
-0.0956708580912726
-0.230969883127822
-0.245196320100808
-0.0487725805040317
-0.176776695296637
0.176776695296637
0.0487725805040326
0.245196320100807
0.230969883127822
0.0956708580912718
0.207867403075635
-0.138892558254902
0
-0.25
-0.207867403075636
-0.1388925582549
-0.230969883127822
0.0956708580912727
-0.0487725805040317
0.245196320100808
0.176776695296637
0.176776695296637
0.245196320100807
-0.0487725805040326
0.0956708580912718
-0.230969883127822
-0.138892558254902
-0.207867403075635
0.25
0
0.176776695296637
-0.176776695296637
0
-0.25
-0.176776695296637
-0.176776695296637
-0.25
0
-0.176776695296637
0.176776695296637
0
0.25
0.176776695296638
0.176776695296636
0.25
0
0.176776695296637
-0.176776695296637
0
-0.25
-0.176776695296637
-0.176776695296637
-0.25
0
-0.176776695296637
0.176776695296637
0
0.25
0.176776695296638
0.176776695296636
0.25
0
0.176776695296637
-0.176776695296637
0
-0.25
-0.176776695296637
-0.176776695296637
-0.25
0
-0.176776695296637
0.176776695296637
0
0.25
0.176776695296638
0.176776695296636
0
0.25
0.176776695296637
0.176776695296637
0.25
0
0.176776695296637
-0.176776695296637
0
-0.25
-0.176776695296637
-0.176776695296637
-0.25
0
-0.176776695296636
0.176776695296638
0.25
0
0.176776695296637
-0.176776695296637
0
-0.25
-0.176776695296637
-0.176776695296637
-0.25
0
-0.176776695296637
0.176776695296637
0
0.25
0.176776695296638
0.176776695296636
-0.25
0
-0.176776695296637
0.176776695296637
0
0.25
0.176776695296637
0.176776695296637
0.25
0
0.176776695296637
-0.176776695296637
0
-0.25
-0.176776695296638
-0.176776695296636
0.25
0
0.176776695296637
-0.176776695296637
0
-0.25
-0.176776695296637
-0.176776695296637
-0.25
0
-0.176776695296637
0.176776695296637
0
0.25
0.176776695296638
0.176776695296636
0
-0.25
-0.176776695296637
-0.176776695296637
-0.25
0
-0.176776695296637
0.176776695296637
0
0.25
0.176776695296637
0.176776695296637
0.25
0
0.176776695296636
-0.176776695296638
0.25
0
0.207867403075636
-0.138892558254901
0.0956708580912724
-0.230969883127822
-0.0487725805040325
-0.245196320100808
-0.176776695296637
-0.176776695296637
-0.245196320100808
-0.0487725805040325
-0.230969883127821
0.0956708580912733
-0.1388925582549
0.207867403075637
0.25
0
0.207867403075636
-0.138892558254901
0.0956708580912724
-0.230969883127822
-0.0487725805040325
-0.245196320100808
-0.176776695296637
-0.176776695296637
-0.245196320100808
-0.0487725805040325
-0.230969883127821
0.0956708580912733
-0.1388925582549
0.207867403075637
0.25
0
0.207867403075636
-0.138892558254901
0.0956708580912724
-0.230969883127822
-0.0487725805040325
-0.245196320100808
-0.176776695296637
-0.176776695296637
-0.245196320100808
-0.0487725805040325
-0.230969883127821
0.0956708580912733
-0.1388925582549
0.207867403075637
0
0.25
0.138892558254901
0.207867403075636
0.230969883127822
0.0956708580912724
0.245196320100808
-0.0487725805040325
0.176776695296637
-0.176776695296637
0.0487725805040325
-0.245196320100808
-0.0956708580912733
-0.230969883127821
-0.207867403075637
-0.1388925582549
0.25
0
0.207867403075636
-0.138892558254901
0.0956708580912724
-0.230969883127822
-0.0487725805040325
-0.245196320100808
-0.176776695296637
-0.176776695296637
-0.245196320100808
-0.0487725805040325
-0.230969883127821
0.0956708580912733
-0.1388925582549
0.207867403075637
-0.25
0
-0.207867403075636
0.138892558254901
-0.0956708580912724
0.230969883127822
0.0487725805040325
0.245196320100808
0.176776695296637
0.176776695296637
0.245196320100808
0.0487725805040325
0.230969883127821
-0.0956708580912733
0.1388925582549
-0.207867403075637
0.25
0
0.207867403075636
-0.138892558254901
0.0956708580912724
-0.230969883127822
-0.0487725805040325
-0.245196320100808
-0.176776695296637
-0.176776695296637
-0.245196320100808
-0.0487725805040325
-0.230969883127821
0.0956708580912733
-0.1388925582549
0.207867403075637
0
-0.25
-0.138892558254901
-0.207867403075636
-0.230969883127822
-0.0956708580912724
-0.245196320100808
0.0487725805040325
-0.176776695296637
0.176776695296637
-0.0487725805040325
0.245196320100808
0.0956708580912733
0.230969883127821
0.207867403075637
0.1388925582549
0.25
0
0.230969883127822
-0.0956708580912726
0.176776695296637
-0.176776695296637
0.0956708580912716
-0.230969883127822
0
-0.25
-0.0956708580912728
-0.230969883127822
-0.176776695296638
-0.176776695296636
-0.230969883127822
-0.0956708580912709
0.25
0
0.230969883127822
-0.0956708580912726
0.176776695296637
-0.176776695296637
0.0956708580912716
-0.230969883127822
0
-0.25
-0.0956708580912728
-0.230969883127822
-0.176776695296638
-0.176776695296636
-0.230969883127822
-0.0956708580912709
0.25
0
0.230969883127822
-0.0956708580912726
0.176776695296637
-0.176776695296637
0.0956708580912716
-0.230969883127822
0
-0.25
-0.0956708580912728
-0.230969883127822
-0.176776695296638
-0.176776695296636
-0.230969883127822
-0.0956708580912709
0
0.25
0.0956708580912726
0.230969883127822
0.176776695296637
0.176776695296637
0.230969883127822
0.0956708580912716
0.25
0
0.230969883127822
-0.0956708580912728
0.176776695296636
-0.176776695296638
0.0956708580912709
-0.230969883127822
0.25
0
0.230969883127822
-0.0956708580912726
0.176776695296637
-0.176776695296637
0.0956708580912716
-0.230969883127822
0
-0.25
-0.0956708580912728
-0.230969883127822
-0.176776695296638
-0.176776695296636
-0.230969883127822
-0.0956708580912709
-0.25
0
-0.230969883127822
0.0956708580912726
-0.176776695296637
0.176776695296637
-0.0956708580912715
0.230969883127822
0
0.25
0.0956708580912728
0.230969883127822
0.176776695296638
0.176776695296636
0.230969883127822
0.0956708580912709
0.25
0
0.230969883127822
-0.0956708580912726
0.176776695296637
-0.176776695296637
0.0956708580912716
-0.230969883127822
0
-0.25
-0.0956708580912728
-0.230969883127822
-0.176776695296638
-0.176776695296636
-0.230969883127822
-0.0956708580912709
0
-0.25
-0.0956708580912726
-0.230969883127822
-0.176776695296637
-0.176776695296637
-0.230969883127822
-0.0956708580912715
-0.25
0
-0.230969883127822
0.0956708580912728
-0.176776695296636
0.176776695296638
-0.0956708580912709
0.230969883127822
0.25
0
0.245196320100808
-0.0487725805040322
0.230969883127822
-0.0956708580912727
0.207867403075636
-0.138892558254901
0.176776695296637
-0.176776695296637
0.1388925582549
-0.207867403075637
0.0956708580912714
-0.230969883127822
0.0487725805040311
-0.245196320100808
0.25
0
0.245196320100808
-0.0487725805040322
0.230969883127822
-0.0956708580912727
0.207867403075636
-0.138892558254901
0.176776695296637
-0.176776695296637
0.1388925582549
-0.207867403075637
0.0956708580912714
-0.230969883127822
0.0487725805040311
-0.245196320100808
0.25
0
0.245196320100808
-0.0487725805040322
0.230969883127822
-0.0956708580912727
0.207867403075636
-0.138892558254901
0.176776695296637
-0.176776695296637
0.1388925582549
-0.207867403075637
0.0956708580912714
-0.230969883127822
0.0487725805040311
-0.245196320100808
0
0.25
0.0487725805040322
0.245196320100808
0.0956708580912727
0.230969883127822
0.138892558254901
0.207867403075636
0.176776695296637
0.176776695296637
0.207867403075637
0.1388925582549
0.230969883127822
0.0956708580912714
0.245196320100808
0.048772580504031
0.25
0
0.245196320100808
-0.0487725805040322
0.230969883127822
-0.0956708580912727
0.207867403075636
-0.138892558254901
0.176776695296637
-0.176776695296637
0.1388925582549
-0.207867403075637
0.0956708580912714
-0.230969883127822
0.0487725805040311
-0.245196320100808
-0.25
0
-0.245196320100808
0.0487725805040322
-0.230969883127822
0.0956708580912727
-0.207867403075636
0.138892558254901
-0.176776695296637
0.176776695296637
-0.1388925582549
0.207867403075637
-0.0956708580912714
0.230969883127822
-0.048772580504031
0.245196320100808
0.25
0
0.245196320100808
-0.0487725805040322
0.230969883127822
-0.0956708580912727
0.207867403075636
-0.138892558254901
0.176776695296637
-0.176776695296637
0.1388925582549
-0.207867403075637
0.0956708580912714
-0.230969883127822
0.0487725805040311
-0.245196320100808
0
-0.25
-0.0487725805040322
-0.245196320100808
-0.0956708580912727
-0.230969883127822
-0.138892558254901
-0.207867403075636
-0.176776695296637
-0.176776695296637
-0.207867403075637
-0.1388925582549
-0.230969883127822
-0.0956708580912713
-0.245196320100808
-0.048772580504031
