0.288675134594813
0
0.288675134594813
0
0.288675134594813
0
0.288675134594813
0
0.288675134594813
0
0.288675134594813
0
0.288675134594813
0
0.288675134594813
0
0.288675134594813
0
0.288675134594813
0
0.288675134594813
0
0.288675134594813
0
0.288675134594813
0
0.288675134594813
0
0.288675134594813
0
0.288675134594813
0
0.288675134594813
0
0.288675134594813
0
0
0.288675134594813
0
0.288675134594813
0
0.288675134594813
0
0.288675134594813
0
0.288675134594813
0
0.288675134594813
0.288675134594813
0
0.288675134594813
0
0.288675134594813
0
0.288675134594813
0
0.288675134594813
0
0.288675134594813
0
-0.288675134594813
0
-0.288675134594813
0
-0.288675134594813
0
-0.288675134594813
0
-0.288675134594813
0
-0.288675134594813
0
0.288675134594813
0
0.288675134594813
0
0.288675134594813
0
0.288675134594813
0
0.288675134594813
0
0.288675134594813
0
0
-0.288675134594813
0
-0.288675134594813
0
-0.288675134594813
0
-0.288675134594813
0
-0.288675134594813
0
-0.288675134594813
0.288675134594813
0
0.278838767912603
0.0747146226806711
0.25
0.144337567297406
0.204124145231932
0.204124145231932
0.144337567297406
0.25
0.0747146226806712
0.278838767912603
0.288675134594813
0
0.278838767912603
0.0747146226806711
0.25
0.144337567297406
0.204124145231932
0.204124145231932
0.144337567297406
0.25
0.0747146226806712
0.278838767912603
0.288675134594813
0
0.278838767912603
0.0747146226806711
0.25
0.144337567297406
0.204124145231932
0.204124145231932
0.144337567297406
0.25
0.0747146226806712
0.278838767912603
0
0.288675134594813
-0.0747146226806711
0.278838767912603
-0.144337567297406
0.25
-0.204124145231932
0.204124145231932
-0.25
0.144337567297407
-0.278838767912603
0.0747146226806712
0.288675134594813
0
0.278838767912603
0.0747146226806711
0.25
0.144337567297406
0.204124145231932
0.204124145231932
0.144337567297406
0.25
0.0747146226806712
0.278838767912603
-0.288675134594813
0
-0.278838767912603
-0.0747146226806711
-0.25
-0.144337567297406
-0.204124145231932
-0.204124145231931
-0.144337567297407
-0.25
-0.0747146226806712
-0.278838767912603
0.288675134594813
0
0.278838767912603
0.0747146226806711
0.25
0.144337567297406
0.204124145231932
0.204124145231932
0.144337567297406
0.25
0.0747146226806712
0.278838767912603
0
-0.288675134594813
0.0747146226806711
-0.278838767912603
0.144337567297406
-0.25
0.204124145231931
-0.204124145231932
0.25
-0.144337567297407
0.278838767912603
-0.0747146226806712
0.288675134594813
0
0.25
0.144337567297406
0.144337567297406
0.25
0
0.288675134594813
-0.144337567297406
0.25
-0.25
0.144337567297407
0.288675134594813
0
0.25
0.144337567297406
0.144337567297406
0.25
0
0.288675134594813
-0.144337567297406
0.25
-0.25
0.144337567297407
0.288675134594813
0
0.25
0.144337567297406
0.144337567297406
0.25
0
0.288675134594813
-0.144337567297406
0.25
-0.25
0.144337567297407
0
0.288675134594813
-0.144337567297406
0.25
-0.25
0.144337567297407
-0.288675134594813
0
-0.25
-0.144337567297406
-0.144337567297407
-0.25
0.288675134594813
0
0.25
0.144337567297406
0.144337567297406
0.25
0
0.288675134594813
-0.144337567297406
0.25
-0.25
0.144337567297407
-0.288675134594813
0
-0.25
-0.144337567297406
-0.144337567297407
-0.25
0
-0.288675134594813
0.144337567297406
-0.25
0.25
-0.144337567297407
0.288675134594813
0
0.25
0.144337567297406
0.144337567297406
0.25
0
0.288675134594813
-0.144337567297406
0.25
-0.25
0.144337567297407
0
-0.288675134594813
0.144337567297406
-0.25
0.25
-0.144337567297407
0.288675134594813
0
0.25
0.144337567297406
0.144337567297407
0.25
0.288675134594813
0
0.204124145231932
0.204124145231932
0
0.288675134594813
-0.204124145231932
0.204124145231932
-0.288675134594813
0
-0.204124145231932
-0.204124145231931
0.288675134594813
0
0.204124145231932
0.204124145231932
0
0.288675134594813
-0.204124145231932
0.204124145231932
-0.288675134594813
0
-0.204124145231932
-0.204124145231931
0.288675134594813
0
0.204124145231932
0.204124145231932
0
0.288675134594813
-0.204124145231932
0.204124145231932
-0.288675134594813
0
-0.204124145231932
-0.204124145231931
0
0.288675134594813
-0.204124145231932
0.204124145231932
-0.288675134594813
0
-0.204124145231932
-0.204124145231932
0
-0.288675134594813
0.204124145231931
-0.204124145231932
0.288675134594813
0
0.204124145231932
0.204124145231932
0
0.288675134594813
-0.204124145231932
0.204124145231932
-0.288675134594813
0
-0.204124145231932
-0.204124145231931
-0.288675134594813
0
-0.204124145231932
-0.204124145231931
0
-0.288675134594813
0.204124145231931
-0.204124145231932
0.288675134594813
0
0.204124145231932
0.204124145231931
0.288675134594813
0
0.204124145231932
0.204124145231932
0
0.288675134594813
-0.204124145231932
0.204124145231932
-0.288675134594813
0
-0.204124145231932
-0.204124145231931
0
-0.288675134594813
0.204124145231931
-0.204124145231932
0.288675134594813
0
0.204124145231932
0.204124145231931
0
0.288675134594813
-0.204124145231931
0.204124145231932
0.288675134594813
0
0.144337567297406
0.25
-0.144337567297406
0.25
-0.288675134594813
0
-0.144337567297407
-0.25
0.144337567297406
-0.25
0.288675134594813
0
0.144337567297406
0.25
-0.144337567297406
0.25
-0.288675134594813
0
-0.144337567297407
-0.25
0.144337567297406
-0.25
0.288675134594813
0
0.144337567297406
0.25
-0.144337567297406
0.25
-0.288675134594813
0
-0.144337567297407
-0.25
0.144337567297406
-0.25
0
0.288675134594813
-0.25
0.144337567297407
-0.25
-0.144337567297406
0
-0.288675134594813
0.25
-0.144337567297407
0.25
0.144337567297406
0.288675134594813
0
0.144337567297406
0.25
-0.144337567297406
0.25
-0.288675134594813
0
-0.144337567297407
-0.25
0.144337567297406
-0.25
-0.288675134594813
0
-0.144337567297407
-0.25
0.144337567297406
-0.25
0.288675134594813
0
0.144337567297407
0.25
-0.144337567297406
0.25
0.288675134594813
0
0.144337567297406
0.25
-0.144337567297406
0.25
-0.288675134594813
0
-0.144337567297407
-0.25
0.144337567297406
-0.25
0
-0.288675134594813
0.25
-0.144337567297407
0.25
0.144337567297406
0
0.288675134594813
-0.25
0.144337567297407
-0.25
-0.144337567297406
0.288675134594813
0
0.0747146226806712
0.278838767912603
-0.25
0.144337567297407
-0.204124145231932
-0.204124145231931
0.144337567297406
-0.25
0.278838767912603
0.074714622680671
0.288675134594813
0
0.0747146226806712
0.278838767912603
-0.25
0.144337567297407
-0.204124145231932
-0.204124145231931
0.144337567297406
-0.25
0.278838767912603
0.074714622680671
0.288675134594813
0
0.0747146226806712
0.278838767912603
-0.25
0.144337567297407
-0.204124145231932
-0.204124145231931
0.144337567297406
-0.25
0.278838767912603
0.074714622680671
0
0.288675134594813
-0.278838767912603
0.0747146226806712
-0.144337567297407
-0.25
0.204124145231931
-0.204124145231932
0.25
0.144337567297406
-0.074714622680671
0.278838767912603
0.288675134594813
0
0.0747146226806712
0.278838767912603
-0.25
0.144337567297407
-0.204124145231932
-0.204124145231931
0.144337567297406
-0.25
0.278838767912603
0.074714622680671
-0.288675134594813
0
-0.0747146226806712
-0.278838767912603
0.25
-0.144337567297407
0.204124145231932
0.204124145231931
-0.144337567297406
0.25
-0.278838767912603
-0.074714622680671
0.288675134594813
0
0.0747146226806712
0.278838767912603
-0.25
0.144337567297407
-0.204124145231932
-0.204124145231931
0.144337567297406
-0.25
0.278838767912603
0.074714622680671
0
-0.288675134594813
0.278838767912603
-0.0747146226806712
0.144337567297407
0.25
-0.204124145231931
0.204124145231932
-0.25
-0.144337567297406
0.0747146226806709
-0.278838767912603
0.288675134594813
0
0
0.288675134594813
-0.288675134594813
0
0
-0.288675134594813
0.288675134594813
0
0
0.288675134594813
0.288675134594813
0
0
0.288675134594813
-0.288675134594813
0
0
-0.288675134594813
0.288675134594813
0
0
0.288675134594813
0.288675134594813
0
0
0.288675134594813
-0.288675134594813
0
0
-0.288675134594813
0.288675134594813
0
0
0.288675134594813
0
0.288675134594813
-0.288675134594813
0
0
-0.288675134594813
0.288675134594813
0
0
0.288675134594813
-0.288675134594813
0
0.288675134594813
0
0
0.288675134594813
-0.288675134594813
0
0
-0.288675134594813
0.288675134594813
0
0
0.288675134594813
-0.288675134594813
0
0
-0.288675134594813
0.288675134594813
0
0
0.288675134594813
-0.288675134594813
0
0
-0.288675134594813
0.288675134594813
0
0
0.288675134594813
-0.288675134594813
0
0
-0.288675134594813
0.288675134594813
0
0
0.288675134594813
0
-0.288675134594813
0.288675134594813
0
0
0.288675134594813
-0.288675134594813
0
0
-0.288675134594813
0.288675134594813
0
0.288675134594813
0
-0.0747146226806711
0.278838767912603
-0.25
-0.144337567297406
0.204124145231931
-0.204124145231932
0.144337567297407
0.25
-0.278838767912603
0.0747146226806716
0.288675134594813
0
-0.0747146226806711
0.278838767912603
-0.25
-0.144337567297406
0.204124145231931
-0.204124145231932
0.144337567297407
0.25
-0.278838767912603
0.0747146226806716
0.288675134594813
0
-0.0747146226806711
0.278838767912603
-0.25
-0.144337567297406
0.204124145231931
-0.204124145231932
0.144337567297407
0.25
-0.278838767912603
0.0747146226806716
0
0.288675134594813
-0.278838767912603
-0.0747146226806711
0.144337567297406
-0.25
0.204124145231932
0.204124145231931
-0.25
0.144337567297407
-0.0747146226806717
-0.278838767912603
0.288675134594813
0
-0.0747146226806711
0.278838767912603
-0.25
-0.144337567297406
0.204124145231931
-0.204124145231932
0.144337567297407
0.25
-0.278838767912603
0.0747146226806716
-0.288675134594813
0
0.0747146226806711
-0.278838767912603
0.25
0.144337567297406
-0.204124145231931
0.204124145231932
-0.144337567297407
-0.25
0.278838767912603
-0.0747146226806717
0.288675134594813
0
-0.0747146226806711
0.278838767912603
-0.25
-0.144337567297406
0.204124145231931
-0.204124145231932
0.144337567297407
0.25
-0.278838767912603
0.0747146226806716
0
-0.288675134594813
0.278838767912603
0.074714622680671
-0.144337567297406
0.25
-0.204124145231932
-0.204124145231931
0.25
-0.144337567297407
0.0747146226806717
0.278838767912602
0.288675134594813
0
-0.144337567297406
0.25
-0.144337567297407
-0.25
0.288675134594813
0
-0.144337567297406
0.25
-0.144337567297407
-0.25
0.288675134594813
0
-0.144337567297406
0.25
-0.144337567297407
-0.25
0.288675134594813
0
-0.144337567297406
0.25
-0.144337567297407
-0.25
0.288675134594813
0
-0.144337567297406
0.25
-0.144337567297407
-0.25
0.288675134594813
0
-0.144337567297406
0.25
-0.144337567297407
-0.25
0
0.288675134594813
-0.25
-0.144337567297406
0.25
-0.144337567297407
0
0.288675134594813
-0.25
-0.144337567297406
0.25
-0.144337567297407
0.288675134594813
0
-0.144337567297406
0.25
-0.144337567297407
-0.25
0.288675134594813
0
-0.144337567297406
0.25
-0.144337567297407
-0.25
-0.288675134594813
0
0.144337567297406
-0.25
0.144337567297407
0.25
-0.288675134594813
0
0.144337567297406
-0.25
0.144337567297407
0.25
0.288675134594813
0
-0.144337567297406
0.25
-0.144337567297407
-0.25
0.288675134594813
0
-0.144337567297406
0.25
-0.144337567297407
-0.25
0
-0.288675134594813
0.25
0.144337567297406
-0.25
0.144337567297407
0
-0.288675134594813
0.25
0.144337567297406
-0.25
0.144337567297407
0.288675134594813
0
-0.204124145231932
0.204124145231932
0
-0.288675134594813
0.204124145231932
0.204124145231931
-0.288675134594813
0
0.204124145231931
-0.204124145231932
0.288675134594813
0
-0.204124145231932
0.204124145231932
0
-0.288675134594813
0.204124145231932
0.204124145231931
-0.288675134594813
0
0.204124145231931
-0.204124145231932
0.288675134594813
0
-0.204124145231932
0.204124145231932
0
-0.288675134594813
0.204124145231932
0.204124145231931
-0.288675134594813
0
0.204124145231931
-0.204124145231932
0
0.288675134594813
-0.204124145231932
-0.204124145231932
0.288675134594813
0
-0.204124145231931
0.204124145231932
0
-0.288675134594813
0.204124145231932
0.204124145231931
0.288675134594813
0
-0.204124145231932
0.204124145231932
0
-0.288675134594813
0.204124145231932
0.204124145231931
-0.288675134594813
0
0.204124145231931
-0.204124145231932
-0.288675134594813
0
0.204124145231931
-0.204124145231932
0
0.288675134594813
-0.204124145231932
-0.204124145231931
0.288675134594813
0
-0.204124145231931
0.204124145231932
0.288675134594813
0
-0.204124145231932
0.204124145231932
0
-0.288675134594813
0.204124145231932
0.204124145231931
-0.288675134594813
0
0.204124145231931
-0.204124145231932
0
-0.288675134594813
0.204124145231932
0.204124145231931
-0.288675134594813
0
0.204124145231931
-0.204124145231932
0
0.288675134594813
-0.204124145231932
-0.204124145231931
0.288675134594813
0
-0.25
0.144337567297407
0.144337567297406
-0.25
0
0.288675134594813
-0.144337567297407
-0.25
0.25
0.144337567297406
0.288675134594813
0
-0.25
0.144337567297407
0.144337567297406
-0.25
0
0.288675134594813
-0.144337567297407
-0.25
0.25
0.144337567297406
0.288675134594813
0
-0.25
0.144337567297407
0.144337567297406
-0.25
0
0.288675134594813
-0.144337567297407
-0.25
0.25
0.144337567297406
0
0.288675134594813
-0.144337567297407
-0.25
0.25
0.144337567297406
-0.288675134594813
0
0.25
-0.144337567297407
-0.144337567297406
0.25
0.288675134594813
0
-0.25
0.144337567297407
0.144337567297406
-0.25
0
0.288675134594813
-0.144337567297407
-0.25
0.25
0.144337567297406
-0.288675134594813
0
0.25
-0.144337567297407
-0.144337567297406
0.25
0
-0.288675134594813
0.144337567297407
0.25
-0.25
-0.144337567297406
0.288675134594813
0
-0.25
0.144337567297407
0.144337567297406
-0.25
0
0.288675134594813
-0.144337567297407
-0.25
0.25
0.144337567297406
0
-0.288675134594813
0.144337567297407
0.25
-0.25
-0.144337567297406
0.288675134594813
0
-0.25
0.144337567297407
0.144337567297406
-0.25
0.288675134594813
0
-0.278838767912603
0.0747146226806713
0.25
-0.144337567297407
-0.204124145231931
0.204124145231932
0.144337567297406
-0.25
-0.0747146226806704
0.278838767912603
0.288675134594813
0
-0.278838767912603
0.0747146226806713
0.25
-0.144337567297407
-0.204124145231931
0.204124145231932
0.144337567297406
-0.25
-0.0747146226806704
0.278838767912603
0.288675134594813
0
-0.278838767912603
0.0747146226806713
0.25
-0.144337567297407
-0.204124145231931
0.204124145231932
0.144337567297406
-0.25
-0.0747146226806704
0.278838767912603
0
0.288675134594813
-0.0747146226806713
-0.278838767912603
0.144337567297407
0.25
-0.204124145231932
-0.204124145231931
0.25
0.144337567297406
-0.278838767912603
-0.0747146226806704
0.288675134594813
0
-0.278838767912603
0.0747146226806713
0.25
-0.144337567297407
-0.204124145231931
0.204124145231932
0.144337567297406
-0.25
-0.0747146226806704
0.278838767912603
-0.288675134594813
0
0.278838767912603
-0.0747146226806714
-0.25
0.144337567297407
0.204124145231931
-0.204124145231932
-0.144337567297406
0.25
0.0747146226806704
-0.278838767912603
0.288675134594813
0
-0.278838767912603
0.0747146226806713
0.25
-0.144337567297407
-0.204124145231931
0.204124145231932
0.144337567297406
-0.25
-0.0747146226806704
0.278838767912603
0
-0.288675134594813
0.0747146226806714
0.278838767912603
-0.144337567297407
-0.25
0.204124145231932
0.204124145231931
-0.25
-0.144337567297406
0.278838767912603
0.0747146226806704
0.288675134594813
0
-0.288675134594813
0
0.288675134594813
0
-0.288675134594813
0
0.288675134594813
0
-0.288675134594813
0
0.288675134594813
0
-0.288675134594813
0
0.288675134594813
0
-0.288675134594813
0
0.288675134594813
0
-0.288675134594813
0
0.288675134594813
0
-0.288675134594813
0
0.288675134594813
0
-0.288675134594813
0
0.288675134594813
0
-0.288675134594813
0
0
0.288675134594813
0
-0.288675134594813
0
0.288675134594813
0
-0.288675134594813
0
0.288675134594813
0
-0.288675134594813
0.288675134594813
0
-0.288675134594813
0
0.288675134594813
0
-0.288675134594813
0
0.288675134594813
0
-0.288675134594813
0
-0.288675134594813
0
0.288675134594813
0
-0.288675134594813
0
0.288675134594813
0
-0.288675134594813
0
0.288675134594813
0
0.288675134594813
0
-0.288675134594813
0
0.288675134594813
0
-0.288675134594813
0
0.288675134594813
0
-0.288675134594813
0
0
-0.288675134594813
0
0.288675134594813
0
-0.288675134594813
0
0.288675134594813
0
-0.288675134594813
0
0.288675134594813
0.288675134594813
0
-0.278838767912603
-0.0747146226806712
0.25
0.144337567297406
-0.204124145231931
-0.204124145231932
0.144337567297406
0.25
-0.0747146226806712
-0.278838767912603
0.288675134594813
0
-0.278838767912603
-0.0747146226806712
0.25
0.144337567297406
-0.204124145231931
-0.204124145231932
0.144337567297406
0.25
-0.0747146226806712
-0.278838767912603
0.288675134594813
0
-0.278838767912603
-0.0747146226806712
0.25
0.144337567297406
-0.204124145231931
-0.204124145231932
0.144337567297406
0.25
-0.0747146226806712
-0.278838767912603
0
0.288675134594813
0.0747146226806711
-0.278838767912603
-0.144337567297406
0.25
0.204124145231932
-0.204124145231931
-0.25
0.144337567297406
0.278838767912603
-0.0747146226806713
0.288675134594813
0
-0.278838767912603
-0.0747146226806712
0.25
0.144337567297406
-0.204124145231931
-0.204124145231932
0.144337567297406
0.25
-0.0747146226806712
-0.278838767912603
-0.288675134594813
0
0.278838767912603
0.0747146226806711
-0.25
-0.144337567297406
0.204124145231931
0.204124145231932
-0.144337567297406
-0.25
0.0747146226806713
0.278838767912603
0.288675134594813
0
-0.278838767912603
-0.0747146226806712
0.25
0.144337567297406
-0.204124145231931
-0.204124145231932
0.144337567297406
0.25
-0.0747146226806712
-0.278838767912603
0
-0.288675134594813
-0.0747146226806711
0.278838767912603
0.144337567297406
-0.25
-0.204124145231932
0.204124145231931
0.25
-0.144337567297406
-0.278838767912603
0.0747146226806713
0.288675134594813
0
-0.25
-0.144337567297406
0.144337567297407
0.25
0
-0.288675134594813
-0.144337567297406
0.25
0.25
-0.144337567297407
0.288675134594813
0
-0.25
-0.144337567297406
0.144337567297407
0.25
0
-0.288675134594813
-0.144337567297406
0.25
0.25
-0.144337567297407
0.288675134594813
0
-0.25
-0.144337567297406
0.144337567297407
0.25
0
-0.288675134594813
-0.144337567297406
0.25
0.25
-0.144337567297407
0
0.288675134594813
0.144337567297406
-0.25
-0.25
0.144337567297407
0.288675134594813
0
-0.25
-0.144337567297406
0.144337567297407
0.25
0.288675134594813
0
-0.25
-0.144337567297406
0.144337567297407
0.25
0
-0.288675134594813
-0.144337567297406
0.25
0.25
-0.144337567297407
-0.288675134594813
0
0.25
0.144337567297406
-0.144337567297407
-0.25
0
0.288675134594813
0.144337567297406
-0.25
-0.25
0.144337567297407
0.288675134594813
0
-0.25
-0.144337567297406
0.144337567297407
0.25
0
-0.288675134594813
-0.144337567297406
0.25
0.25
-0.144337567297407
0
-0.288675134594813
-0.144337567297406
0.25
0.25
-0.144337567297407
-0.288675134594813
0
0.25
0.144337567297406
-0.144337567297407
-0.249999999999999
0.288675134594813
0
-0.204124145231932
-0.204124145231931
0
0.288675134594813
0.204124145231931
-0.204124145231932
-0.288675134594813
0
0.204124145231932
0.204124145231931
0.288675134594813
0
-0.204124145231932
-0.204124145231931
0
0.288675134594813
0.204124145231931
-0.204124145231932
-0.288675134594813
0
0.204124145231932
0.204124145231931
0.288675134594813
0
-0.204124145231932
-0.204124145231931
0
0.288675134594813
0.204124145231931
-0.204124145231932
-0.288675134594813
0
0.204124145231932
0.204124145231931
0
0.288675134594813
0.204124145231931
-0.204124145231932
-0.288675134594813
0
0.204124145231932
0.204124145231931
0
-0.288675134594813
-0.204124145231931
0.204124145231932
0.288675134594813
0
-0.204124145231932
-0.204124145231931
0
0.288675134594813
0.204124145231931
-0.204124145231932
-0.288675134594813
0
0.204124145231932
0.204124145231931
-0.288675134594813
0
0.204124145231932
0.204124145231931
0
-0.288675134594813
-0.204124145231931
0.204124145231932
0.288675134594813
0
-0.204124145231932
-0.204124145231931
0.288675134594813
0
-0.204124145231932
-0.204124145231931
0
0.288675134594813
0.204124145231931
-0.204124145231932
-0.288675134594813
0
0.204124145231932
0.204124145231931
0
-0.288675134594813
-0.204124145231931
0.204124145231932
0.288675134594813
0
-0.204124145231932
-0.204124145231931
0
0.288675134594813
0.204124145231931
-0.204124145231932
0.288675134594813
0
-0.144337567297407
-0.25
-0.144337567297406
0.25
0.288675134594813
0
-0.144337567297407
-0.25
-0.144337567297406
0.25
0.288675134594813
0
-0.144337567297407
-0.25
-0.144337567297406
0.25
0.288675134594813
0
-0.144337567297407
-0.25
-0.144337567297406
0.25
0.288675134594813
0
-0.144337567297407
-0.25
-0.144337567297406
0.25
0.288675134594813
0
-0.144337567297407
-0.25
-0.144337567297406
0.25
0
0.288675134594813
0.25
-0.144337567297407
-0.25
-0.144337567297406
0
0.288675134594813
0.25
-0.144337567297407
-0.25
-0.144337567297406
0.288675134594813
0
-0.144337567297407
-0.25
-0.144337567297406
0.25
0.288675134594813
0
-0.144337567297407
-0.25
-0.144337567297406
0.25
-0.288675134594813
0
0.144337567297407
0.25
0.144337567297406
-0.25
-0.288675134594813
0
0.144337567297407
0.25
0.144337567297406
-0.25
0.288675134594813
0
-0.144337567297407
-0.25
-0.144337567297406
0.25
0.288675134594813
0
-0.144337567297407
-0.25
-0.144337567297406
0.25
0
-0.288675134594813
-0.25
0.144337567297407
0.25
0.144337567297406
0
-0.288675134594813
-0.25
0.144337567297407
0.25
0.144337567297406
0.288675134594813
0
-0.0747146226806711
-0.278838767912603
-0.25
0.144337567297406
0.204124145231931
0.204124145231932
0.144337567297407
-0.25
-0.278838767912603
-0.0747146226806703
0.288675134594813
0
-0.0747146226806711
-0.278838767912603
-0.25
0.144337567297406
0.204124145231931
0.204124145231932
0.144337567297407
-0.25
-0.278838767912603
-0.0747146226806703
0.288675134594813
0
-0.0747146226806711
-0.278838767912603
-0.25
0.144337567297406
0.204124145231931
0.204124145231932
0.144337567297407
-0.25
-0.278838767912603
-0.0747146226806703
0
0.288675134594813
0.278838767912603
-0.0747146226806711
-0.144337567297406
-0.25
-0.204124145231932
0.204124145231931
0.25
0.144337567297407
0.0747146226806703
-0.278838767912603
0.288675134594813
0
-0.0747146226806711
-0.278838767912603
-0.25
0.144337567297406
0.204124145231931
0.204124145231932
0.144337567297407
-0.25
-0.278838767912603
-0.0747146226806703
-0.288675134594813
0
0.0747146226806711
0.278838767912603
0.25
-0.144337567297406
-0.204124145231931
-0.204124145231932
-0.144337567297407
0.25
0.278838767912603
0.0747146226806703
0.288675134594813
0
-0.0747146226806711
-0.278838767912603
-0.25
0.144337567297406
0.204124145231931
0.204124145231932
0.144337567297407
-0.25
-0.278838767912603
-0.0747146226806703
0
-0.288675134594813
-0.278838767912603
0.0747146226806712
0.144337567297406
0.25
0.204124145231932
-0.204124145231931
-0.25
-0.144337567297407
-0.0747146226806703
0.278838767912603
0.288675134594813
0
0
-0.288675134594813
-0.288675134594813
0
0
0.288675134594813
0.288675134594813
0
0
-0.288675134594813
0.288675134594813
0
0
-0.288675134594813
-0.288675134594813
0
0
0.288675134594813
0.288675134594813
0
0
-0.288675134594813
0.288675134594813
0
0
-0.288675134594813
-0.288675134594813
0
0
0.288675134594813
0.288675134594813
0
0
-0.288675134594813
0
0.288675134594813
0.288675134594813
0
0
-0.288675134594813
-0.288675134594813
0
0
0.288675134594813
0.288675134594813
0
0.288675134594813
0
0
-0.288675134594813
-0.288675134594813
0
0
0.288675134594813
0.288675134594813
0
0
-0.288675134594813
-0.288675134594813
0
0
0.288675134594813
0.288675134594813
0
0
-0.288675134594813
-0.288675134594813
0
0
0.288675134594813
0.288675134594813
0
0
-0.288675134594813
-0.288675134594813
0
0
0.288675134594813
0.288675134594813
0
0
-0.288675134594813
0
-0.288675134594813
-0.288675134594813
0
0
0.288675134594813
0.288675134594813
0
0
-0.288675134594813
-0.288675134594813
0
0.288675134594813
0
0.074714622680671
-0.278838767912603
-0.25
-0.144337567297406
-0.204124145231931
0.204124145231932
0.144337567297407
0.25
0.278838767912602
-0.0747146226806718
0.288675134594813
0
0.074714622680671
-0.278838767912603
-0.25
-0.144337567297406
-0.204124145231931
0.204124145231932
0.144337567297407
0.25
0.278838767912602
-0.0747146226806718
0.288675134594813
0
0.074714622680671
-0.278838767912603
-0.25
-0.144337567297406
-0.204124145231931
0.204124145231932
0.144337567297407
0.25
0.278838767912602
-0.0747146226806718
0
0.288675134594813
0.278838767912603
0.074714622680671
0.144337567297406
-0.25
-0.204124145231932
-0.204124145231931
-0.25
0.144337567297407
0.0747146226806718
0.278838767912602
0.288675134594813
0
0.074714622680671
-0.278838767912603
-0.25
-0.144337567297406
-0.204124145231931
0.204124145231932
0.144337567297407
0.25
0.278838767912602
-0.0747146226806718
-0.288675134594813
0
-0.074714622680671
0.278838767912603
0.25
0.144337567297406
0.204124145231931
-0.204124145231932
-0.144337567297407
-0.25
-0.278838767912602
0.0747146226806718
0.288675134594813
0
0.074714622680671
-0.278838767912603
-0.25
-0.144337567297406
-0.204124145231931
0.204124145231932
0.144337567297407
0.25
0.278838767912602
-0.0747146226806718
0
-0.288675134594813
-0.278838767912603
-0.0747146226806709
-0.144337567297406
0.25
0.204124145231932
0.204124145231931
0.25
-0.144337567297407
-0.0747146226806719
-0.278838767912602
0.288675134594813
0
0.144337567297406
-0.25
-0.144337567297407
-0.25
-0.288675134594813
0
-0.144337567297406
0.25
0.144337567297407
0.25
0.288675134594813
0
0.144337567297406
-0.25
-0.144337567297407
-0.25
-0.288675134594813
0
-0.144337567297406
0.25
0.144337567297407
0.25
0.288675134594813
0
0.144337567297406
-0.25
-0.144337567297407
-0.25
-0.288675134594813
0
-0.144337567297406
0.25
0.144337567297407
0.25
0
0.288675134594813
0.25
0.144337567297406
0.25
-0.144337567297407
0
-0.288675134594813
-0.25
-0.144337567297406
-0.25
0.144337567297407
0.288675134594813
0
0.144337567297406
-0.25
-0.144337567297407
-0.25
-0.288675134594813
0
-0.144337567297406
0.25
0.144337567297407
0.25
-0.288675134594813
0
-0.144337567297406
0.25
0.144337567297407
0.25
0.288675134594813
0
0.144337567297406
-0.25
-0.144337567297407
-0.25
0.288675134594813
0
0.144337567297406
-0.25
-0.144337567297407
-0.25
-0.288675134594813
0
-0.144337567297406
0.25
0.144337567297407
0.25
0
-0.288675134594813
-0.25
-0.144337567297406
-0.25
0.144337567297407
0
0.288675134594813
0.25
0.144337567297406
0.25
-0.144337567297407
0.288675134594813
0
0.204124145231931
-0.204124145231932
0
-0.288675134594813
-0.204124145231931
-0.204124145231932
-0.288675134594813
0
-0.204124145231931
0.204124145231932
0.288675134594813
0
0.204124145231931
-0.204124145231932
0
-0.288675134594813
-0.204124145231931
-0.204124145231932
-0.288675134594813
0
-0.204124145231931
0.204124145231932
0.288675134594813
0
0.204124145231931
-0.204124145231932
0
-0.288675134594813
-0.204124145231931
-0.204124145231932
-0.288675134594813
0
-0.204124145231931
0.204124145231932
0
0.288675134594813
0.204124145231932
0.204124145231931
0.288675134594813
0
0.204124145231932
-0.204124145231932
0
-0.288675134594813
-0.204124145231932
-0.204124145231931
0.288675134594813
0
0.204124145231931
-0.204124145231932
0
-0.288675134594813
-0.204124145231931
-0.204124145231932
-0.288675134594813
0
-0.204124145231931
0.204124145231932
-0.288675134594813
0
-0.204124145231931
0.204124145231932
0
0.288675134594813
0.204124145231932
0.204124145231932
0.288675134594813
0
0.204124145231931
-0.204124145231932
0.288675134594813
0
0.204124145231931
-0.204124145231932
0
-0.288675134594813
-0.204124145231931
-0.204124145231932
-0.288675134594813
0
-0.204124145231931
0.204124145231932
0
-0.288675134594813
-0.204124145231932
-0.204124145231931
-0.288675134594813
0
-0.204124145231932
0.204124145231932
0
0.288675134594813
0.204124145231932
0.204124145231931
0.288675134594813
0
0.25
-0.144337567297407
0.144337567297406
-0.25
0
-0.288675134594813
-0.144337567297408
-0.249999999999999
-0.250000000000001
-0.144337567297405
0.288675134594813
0
0.25
-0.144337567297407
0.144337567297406
-0.25
0
-0.288675134594813
-0.144337567297408
-0.249999999999999
-0.250000000000001
-0.144337567297405
0.288675134594813
0
0.25
-0.144337567297407
0.144337567297406
-0.25
0
-0.288675134594813
-0.144337567297408
-0.249999999999999
-0.250000000000001
-0.144337567297405
0
0.288675134594813
0.144337567297407
0.25
0.25
0.144337567297406
0.288675134594813
0
0.249999999999999
-0.144337567297408
0.144337567297405
-0.250000000000001
0.288675134594813
0
0.25
-0.144337567297407
0.144337567297406
-0.25
0
-0.288675134594813
-0.144337567297408
-0.249999999999999
-0.250000000000001
-0.144337567297405
-0.288675134594813
0
-0.25
0.144337567297407
-0.144337567297406
0.25
0
0.288675134594813
0.144337567297408
0.249999999999999
0.250000000000001
0.144337567297405
0.288675134594813
0
0.25
-0.144337567297407
0.144337567297406
-0.25
0
-0.288675134594813
-0.144337567297408
-0.249999999999999
-0.250000000000001
-0.144337567297405
0
-0.288675134594813
-0.144337567297407
-0.25
-0.25
-0.144337567297406
-0.288675134594813
0
-0.249999999999999
0.144337567297408
-0.144337567297405
0.250000000000001
0.288675134594813
0
0.278838767912603
-0.0747146226806714
0.25
-0.144337567297407
0.204124145231931
-0.204124145231932
0.144337567297406
-0.25
0.0747146226806697
-0.278838767912603
0.288675134594813
0
0.278838767912603
-0.0747146226806714
0.25
-0.144337567297407
0.204124145231931
-0.204124145231932
0.144337567297406
-0.25
0.0747146226806697
-0.278838767912603
0.288675134594813
0
0.278838767912603
-0.0747146226806714
0.25
-0.144337567297407
0.204124145231931
-0.204124145231932
0.144337567297406
-0.25
0.0747146226806697
-0.278838767912603
0
0.288675134594813
0.0747146226806714
0.278838767912603
0.144337567297407
0.25
0.204124145231932
0.204124145231931
0.25
0.144337567297406
0.278838767912603
0.0747146226806697
0.288675134594813
0
0.278838767912603
-0.0747146226806714
0.25
-0.144337567297407
0.204124145231931
-0.204124145231932
0.144337567297406
-0.25
0.0747146226806697
-0.278838767912603
-0.288675134594813
0
-0.278838767912603
0.0747146226806714
-0.25
0.144337567297407
-0.204124145231931
0.204124145231932
-0.144337567297406
0.25
-0.0747146226806697
0.278838767912603
0.288675134594813
0
0.278838767912603
-0.0747146226806714
0.25
-0.144337567297407
0.204124145231931
-0.204124145231932
0.144337567297406
-0.25
0.0747146226806697
-0.278838767912603
0
-0.288675134594813
-0.0747146226806714
-0.278838767912603
-0.144337567297407
-0.25
-0.204124145231932
-0.204124145231931
-0.25
-0.144337567297406
-0.278838767912603
-0.0747146226806697
