0.288675134594813
0
0.288675134594813
0
0.288675134594813
0
0.288675134594813
0
0.288675134594813
0
-0.288675134594813
0
0.288675134594813
0
-0.288675134594813
0
0.288675134594813
0
0.288675134594813
0
-0.288675134594813
0
-0.288675134594813
0
0.288675134594813
0
0.288675134594813
0
0
0.288675134594813
0
0.288675134594813
0.288675134594813
0
-0.288675134594813
0
0
0.288675134594813
0
-0.288675134594813
0.288675134594813
0
0.288675134594813
0
0
-0.288675134594813
0
-0.288675134594813
0.288675134594813
0
0.204124145231932
0.204124145231932
0.288675134594813
0
0.204124145231932
0.204124145231932
0.288675134594813
0
-0.204124145231932
-0.204124145231932
0.288675134594813
0
-0.204124145231932
-0.204124145231932
0.288675134594813
0
0.204124145231932
0.204124145231932
-0.288675134594813
0
-0.204124145231932
-0.204124145231931
0.288675134594813
0
0.204124145231932
0.204124145231932
0
0.288675134594813
-0.204124145231932
0.204124145231932
0.288675134594813
0
-0.204124145231932
-0.204124145231932
0
0.288675134594813
0.204124145231932
-0.204124145231932
0.288675134594813
0
0.204124145231932
0.204124145231932
0
-0.288675134594813
0.204124145231931
-0.204124145231932
0.288675134594813
0
0
0.288675134594813
0.288675134594813
0
0
0.288675134594813
0.288675134594813
0
0
-0.288675134594813
0.288675134594813
0
0
-0.288675134594813
0.288675134594813
0
0
0.288675134594813
-0.288675134594813
0
0
-0.288675134594813
0.288675134594813
0
0
0.288675134594813
0
0.288675134594813
-0.288675134594813
0
0.288675134594813
0
0
-0.288675134594813
0
0.288675134594813
0.288675134594813
0
0.288675134594813
0
0
0.288675134594813
0
-0.288675134594813
0.288675134594813
0
0.288675134594813
0
-0.204124145231932
0.204124145231932
0.288675134594813
0
-0.204124145231932
0.204124145231932
0.288675134594813
0
0.204124145231931
-0.204124145231932
0.288675134594813
0
0.204124145231931
-0.204124145231932
0.288675134594813
0
-0.204124145231932
0.204124145231932
-0.288675134594813
0
0.204124145231931
-0.204124145231932
0.288675134594813
0
-0.204124145231932
0.204124145231932
0
0.288675134594813
-0.204124145231932
-0.204124145231932
0.288675134594813
0
0.204124145231931
-0.204124145231932
0
0.288675134594813
0.204124145231932
0.204124145231931
0.288675134594813
0
-0.204124145231932
0.204124145231932
0
-0.288675134594813
0.204124145231932
0.204124145231931
0.288675134594813
0
-0.288675134594813
0
0.288675134594813
0
-0.288675134594813
0
0.288675134594813
0
0.288675134594813
0
0.288675134594813
0
0.288675134594813
0
0.288675134594813
0
-0.288675134594813
0
-0.288675134594813
0
0.288675134594813
0
0.288675134594813
0
-0.288675134594813
0
0
0.288675134594813
0
-0.288675134594813
0.288675134594813
0
0.288675134594813
0
0
0.288675134594813
0
0.288675134594813
0.288675134594813
0
-0.288675134594813
0
0
-0.288675134594813
0
0.288675134594813
0.288675134594813
0
-0.204124145231932
-0.204124145231932
0.288675134594813
0
-0.204124145231932
-0.204124145231932
0.288675134594813
0
0.204124145231932
0.204124145231932
0.288675134594813
0
0.204124145231932
0.204124145231932
0.288675134594813
0
-0.204124145231932
-0.204124145231932
-0.288675134594813
0
0.204124145231932
0.204124145231931
0.288675134594813
0
-0.204124145231932
-0.204124145231932
0
0.288675134594813
0.204124145231932
-0.204124145231932
0.288675134594813
0
0.204124145231932
0.204124145231932
0
0.288675134594813
-0.204124145231932
0.204124145231932
0.288675134594813
0
-0.204124145231932
-0.204124145231932
0
-0.288675134594813
-0.204124145231931
0.204124145231932
0.288675134594813
0
0
-0.288675134594813
0.288675134594813
0
0
-0.288675134594813
0.288675134594813
0
0
0.288675134594813
0.288675134594813
0
0
0.288675134594813
0.288675134594813
0
0
-0.288675134594813
-0.288675134594813
0
0
0.288675134594813
0.288675134594813
0
0
-0.288675134594813
0
0.288675134594813
0.288675134594813
0
0.288675134594813
0
0
0.288675134594813
0
0.288675134594813
-0.288675134594813
0
0.288675134594813
0
0
-0.288675134594813
0
-0.288675134594813
-0.288675134594813
0
0.288675134594813
0
0.204124145231931
-0.204124145231932
0.288675134594813
0
0.204124145231931
-0.204124145231932
0.288675134594813
0
-0.204124145231932
0.204124145231932
0.288675134594813
0
-0.204124145231932
0.204124145231932
0.288675134594813
0
0.204124145231931
-0.204124145231932
-0.288675134594813
0
-0.204124145231931
0.204124145231932
0.288675134594813
0
0.204124145231931
-0.204124145231932
0
0.288675134594813
0.204124145231932
0.204124145231931
0.288675134594813
0
-0.204124145231932
0.204124145231932
0
0.288675134594813
-0.204124145231932
-0.204124145231932
0.288675134594813
0
0.204124145231931
-0.204124145231932
0
-0.288675134594813
-0.204124145231932
-0.204124145231931
